0
0
0
0
0
0
0
0
0
0
0
0
0
0
0
0
0
0
0
0
0
0
0
0
0
0
0
0
0
0
0
0
0
0
0
0
0
0
0
0
0
0
0
0
0
0
0
0
0
0
0
0
0
0
0
0
0
0
0
0
0
0
0
0
0
0
0
0
0
0
0
0
0
0
0
0
0
0
0
0
0
0
0
0
0
0
0
0
0
0
0
0
0
0
0
0
0
0
0
0
0
0
0
0
0
0
0
0
0
0
0
0
0
0
0
0
0
0
0
0
0
0
0
0
0
0
0
0
0
0
0
0
0
0
0
0
0
0
0
0
0
0
0
0
0
0
0
0
0
0
0
0
0
0
0
0
0
0
0
0
0
0
0
0
0
0
0
0
0
0
0
0
0
0
0
0
0
0
0
0
0
0
0
0
0
0
0
0
0
0
0
0
0
0
0
0
0
0
0
0
0
0
0
0
0
0
0
0
0
0
0
0
0
0
0
0
0
0
0
0
0
0
0
0
0
0
0
0
0
0
0
0
0
0
0
0
0
0
0
0
0
0
0
0
0
0
0
0
0
0
0
0
0
0
0
0
0
0
0
0
0
0
0
0
0
0
0
0
0
0
0
0
0
0
0
0
0
0
0
0
0
0
0
0
0
0
0
0
0
0
0
0
0
0
0
0
0
0
0
0
0
0
0
0
0
0
0
0
0
0
0
0
0
0
0
0
0
0
0
0
0
0
0
0
0
0
0
0
0
0
0
0
0
0
0
0
0
0
0
0
0
0
0
0
0
0
0
0
0
0
0
0
0
0
0
0
0
0
0
0
0
0
0
0
0
0
0
0
0
0
0
0
0
0
0
0
0
0
0
0
0
0
0
0
0
0
0
0
0
0
0
0
0
0
0
0
0
0
0
0
0
0
0
0
0
0
0
0
0
0
0
0
0
0
0
0
0
0
0
0
0
0
0
0
0
0
0
0
0
0
0
0
0
0
0
0
0
0
0
0
0
0
0
0
0
0
0
0
0
0
0.0005341880341880342
0.0005341880341880342
0.0005341880341880342
0.0005341880341880342
0.0005341880341880342
0.0005341880341880342
0.0005341880341880342
0.0005341880341880342
0.0005341880341880342
0.0005341880341880342
0.0005341880341880342
0.0005341880341880342
0.03510458839406208
0.03510458839406208
0.03510458839406208
0.03510458839406208
0.1856357927786499
0.2768685215493726
1.7634190022348792
0.23005974107884206
0.4025852259051221
0.4416208791208791
0.08316464237516868
0.09455128205128205
0.10738143245706566
0.002314848396924416
0.002314848396924416
0.002314848396924416
0.002314848396924416
0.002314848396924416
0.002314848396924416
0.002314848396924416
0.002314848396924416
0.002314848396924416
0.002314848396924416
0.002314848396924416
0.002314848396924416
0.0856951560316721
0.0856951560316721
0.0856951560316721
0.0856951560316721
0.44198121726566736
0.16472886462059874
0.24049156114549636
0.598848438423535
0.20737086099877447
0.21361409608091025
0.15859338612016768
0.033270932607215795
0.03754764940914367
0.0013569043282158036
0.0013569043282158036
0.0013569043282158036
0.0013569043282158036
0.0013569043282158036
0.0013569043282158036
0.0013569043282158036
0.0013569043282158036
0.0013569043282158036
0.0013569043282158036
0.0013569043282158036
0.0013569043282158036
0.06691729323308271
0.06691729323308271
0.06691729323308271
0.06691729323308271
0.5479024943310657
0.494596420128335
0.40456670646511084
0.19935210361982753
0.6129800252106158
0.20386904761904762
0.12447786131996658
0.14942002442002442
0.16510131936042663
0
0
0
0
0
0
0
0
0
0
0
0
0
0
0
0
0
0
0
0
0
0
0
0
0
0
0
0
0
0
0
0
0
0
0
0
0
0
0
0
0
0
0
0
0
0
0
0
0
0
0
0
0
0
0
0
0
0
0
0
0
0
0
0
0
0
0
0
0
0
0
0
0
0
0
0
0
0
0
0
0
0
0
0
0
0
0
0
0
0
0
0
0
0
0
0
0
0
0
0