0
0
0
0
0
0
0
0
0
0
0
0
0
0
0
0
0
0
0
0
0
0
0
0
0
0
0
0
0
0
0
0
0
0
0
0
0
0
0
0
0
0
0
0
0
0
0
0
0
0
0
0
0
0
0
0
0
0
0
0
0
0
0
0
0
0
0
0
0
0
0
0
0
0
0
0
0
0
0
0
0
0
0
0
0
0
0
0
0
0
0
0
0
0
0
0
0
0
0
0
0
0
0
0
0
0
0
0
0
0
0
0
0
0
0
0
0
0
0
0
0
0
0
0
0
0
0
0
0
0
0
0
0
0
0
0
0
0
0
0
0
0
0
0
0
0
0
0
0
0
0
0
0
0
0
0
0
0
0
0
0
0
0
0
0
0
0
0
0
0
0
0
0
0
0
0
0
0
0
0
0
0
0
0
0
0
0
0
0
0
0
0
0
0
0
0
0
0
0
0
0
0
0
0
0
0
0
0
0
0
0
0
0
0
0
0
0
0
0
0
0
0
0
0
0
0
0
0
0
0
0
0
0
0
0
0
0
0
0
0
0
0
0
0
0
0
0
0
0
0
0
0
0
0
0
0
0
0
0
0
0
0
0
0
0
0
0
0
0
0
0
0
0
0
0
0
0
0
0
0
0
0
0
0
0
0
0
0
0
0
0
0
0
0
0
0
0
0
0
0
0
0
0
0
0
0
0
0
0
0
0
0
0
0
0
0
0
0
0
0
0
0
0
0
0
0
0
0
0
0
0
0
0
0
0
0
0
0
0
0
0
0
0
0
0
0
0
0
0
0
0
0
0
0
0
0
0
0
0
0
0
0
0
0
0
0
0
0
0
0
0
0
0
0
0
0
0
0
0
0
0
0
0
0
0
0
0
0
0
0
0
0
0
0
0
0
0
0
0
0
0
0
0
0
0
0
0
0
0
0
0
0
0
0
0
0
0
0
0
0
0
0
0
0
0
0
0
0
0
0
0
0
0
0
0
0
0
0
0
0
0
0
0
0
0
0
0
0
0
0
0.26280737704918034
0.26280737704918034
0.26280737704918034
0.26280737704918034
0.26280737704918034
0.26280737704918034
0.26280737704918034
0.26280737704918034
0.26280737704918034
0.26280737704918034
0.26280737704918034
0.26280737704918034
0.25025303643724695
0.25025303643724695
0.25025303643724695
0.25025303643724695
9.619799843014126
25.91005182760502
209.45324095295177
46.44780879127698
51.5732116999713
39.592204670329664
17.730684885290145
3.3653846153846154
3.5720925941444626
1.1291837431693987
1.1291837431693987
1.1291837431693987
1.1291837431693987
1.1291837431693987
1.1291837431693987
1.1291837431693987
1.1291837431693987
1.1291837431693987
1.1291837431693987
1.1291837431693987
1.1291837431693987
1.123660922217047
1.123660922217047
1.123660922217047
1.123660922217047
17.23558560592378
12.184322632272641
48.55393644980944
82.73673390580713
59.53947015345277
62.16349952591655
28.749805930756093
7.7435755616065345
8.773551524737499
0.5999829234972678
0.5999829234972678
0.5999829234972678
0.5999829234972678
0.5999829234972678
0.5999829234972678
0.5999829234972678
0.5999829234972678
0.5999829234972678
0.5999829234972678
0.5999829234972678
0.5999829234972678
0.3947368421052631
0.3947368421052631
0.3947368421052631
0.3947368421052631
14.95393990929705
23.134181864235057
51.82704942133806
57.237157459508694
60.94883668391629
50.72792658730158
38.22368421052631
14.760378510378509
16.806074713967345
0
0
0
0
0
0
0
0
0
0
0
0
0
0
0
0
0
0
0
0
0
0
0
0
0
0
0
0
0
0
0
0
0
0
0
0
0
0
0
0
0
0
0
0
0
0
0
0
0
0
0
0
0
0
0
0
0
0
0
0
0
0
0
0
0
0
0
0
0
0
0
0
0
0
0
0
0
0
0
0
0
0
0
0
0
0
0
0
0
0
0
0
0
0
0
0
0
0
0
0