0.
0.
0.
0.
0.
0.
0.
0.
0.
0.
0.
0.
49.661885245901644
4.495389344262295
4.495389344262295
4.495389344262295
4.495389344262295
2.2131147540983607
16.435802260943596
69.02643644870592
36.77713760960126
8.801229508196721
6.116803278688525
1.9672131147540988
1.9672131147540988
0.
0.
0.
0.
0.
0.
0.
0.
0.
0.
0.
0.
49.661885245901644
4.495389344262295
4.495389344262295
4.495389344262295
4.495389344262295
2.2131147540983607
16.435802260943596
69.02643644870592
36.77713760960126
8.801229508196721
6.116803278688525
1.9672131147540988
1.9672131147540988
0.
0.
0.
0.
0.
0.
0.
0.
0.
0.
0.
0.
49.661885245901644
4.495389344262295
4.495389344262295
4.495389344262295
4.495389344262295
2.2131147540983607
16.435802260943596
69.02643644870592
36.77713760960126
8.801229508196721
6.116803278688525
1.9672131147540988
1.9672131147540988
0.
0.
0.
0.
0.
0.
0.
0.
0.
0.
0.
0.
49.661885245901644
4.495389344262295
4.495389344262295
4.495389344262295
4.495389344262295
2.2131147540983607
16.435802260943596
69.02643644870592
36.77713760960126
8.801229508196721
6.116803278688525
1.9672131147540988
1.9672131147540988
0.
0.
0.
0.
0.
0.
0.
0.
0.
0.
0.
0.
49.661885245901644
4.495389344262295
4.495389344262295
4.495389344262295
4.495389344262295
2.2131147540983607
16.435802260943596
69.02643644870592
36.77713760960126
8.801229508196721
6.116803278688525
1.9672131147540988
1.9672131147540988
0.
0.
0.
0.
0.
0.
0.
0.
0.
0.
0.
0.
49.661885245901644
4.495389344262295
4.495389344262295
4.495389344262295
4.495389344262295
2.2131147540983607
16.435802260943596
69.02643644870592
36.77713760960126
8.801229508196721
6.116803278688525
1.9672131147540988
1.9672131147540988
0.
0.
0.
0.
0.
0.
0.
0.
0.
0.
0.
0.
49.661885245901644
4.495389344262295
4.495389344262295
4.495389344262295
4.495389344262295
2.2131147540983607
16.435802260943596
69.02643644870592
36.77713760960126
8.801229508196721
6.116803278688525
1.9672131147540988
1.9672131147540988
0.
0.
0.
0.
0.
0.
0.
0.
0.
0.
0.
0.
49.661885245901644
4.495389344262295
4.495389344262295
4.495389344262295
4.495389344262295
2.2131147540983607
16.435802260943596
69.02643644870592
36.77713760960126
8.801229508196721
6.116803278688525
1.9672131147540988
1.9672131147540988
0.
0.
0.
0.
0.
0.
0.
0.
0.
0.
0.
0.
49.661885245901644
4.495389344262295
4.495389344262295
4.495389344262295
4.495389344262295
2.2131147540983607
16.435802260943596
69.02643644870592
36.77713760960126
8.801229508196721
6.116803278688525
1.9672131147540988
1.9672131147540988
0.
0.
0.
0.
0.
0.
0.
0.
0.
0.
0.
0.
49.661885245901644
4.495389344262295
4.495389344262295
4.495389344262295
4.495389344262295
2.2131147540983607
16.435802260943596
69.02643644870592
36.77713760960126
8.801229508196721
6.116803278688525
1.9672131147540988
1.9672131147540988
0.
0.
0.
0.
0.
0.
0.
0.
0.
0.
0.
0.
49.661885245901644
4.495389344262295
4.495389344262295
4.495389344262295
4.495389344262295
2.2131147540983607
16.435802260943596
69.02643644870592
36.77713760960126
8.801229508196721
6.116803278688525
1.9672131147540988
1.9672131147540988
0.
0.
0.
0.
0.
0.
0.
0.
0.
0.
0.
0.
49.661885245901644
4.495389344262295
4.495389344262295
4.495389344262295
4.495389344262295
2.2131147540983607
16.435802260943596
69.02643644870592
36.77713760960126
8.801229508196721
6.116803278688525
1.9672131147540988
1.9672131147540988
4.13849043715847
4.13849043715847
4.13849043715847
4.13849043715847
4.13849043715847
4.13849043715847
4.13849043715847
4.13849043715847
4.13849043715847
4.13849043715847
4.13849043715847
4.13849043715847
2.3766447368421053
2.3766447368421053
2.3766447368421053
2.3766447368421053
6.321999194414608
1.957586786114222
2.458676776142334
10.560832293105102
3.8592013579215987
2.763157894736842
0.5427631578947368
0.
0.
0.37461577868852464
0.37461577868852464
0.37461577868852464
0.37461577868852464
0.37461577868852464
0.37461577868852464
0.37461577868852464
0.37461577868852464
0.37461577868852464
0.37461577868852464
0.37461577868852464
0.37461577868852464
2.3766447368421053
2.3766447368421053
2.3766447368421053
2.3766447368421053
6.321999194414608
1.957586786114222
2.458676776142334
10.560832293105102
3.8592013579215987
2.763157894736842
0.5427631578947368
0.
0.
0.37461577868852464
0.37461577868852464
0.37461577868852464
0.37461577868852464
0.37461577868852464
0.37461577868852464
0.37461577868852464
0.37461577868852464
0.37461577868852464
0.37461577868852464
0.37461577868852464
0.37461577868852464
2.3766447368421053
2.3766447368421053
2.3766447368421053
2.3766447368421053
6.321999194414608
1.957586786114222
2.458676776142334
10.560832293105102
3.8592013579215987
2.763157894736842
0.5427631578947368
0.
0.
0.37461577868852464
0.37461577868852464
0.37461577868852464
0.37461577868852464
0.37461577868852464
0.37461577868852464
0.37461577868852464
0.37461577868852464
0.37461577868852464
0.37461577868852464
0.37461577868852464
0.37461577868852464
2.3766447368421053
2.3766447368421053
2.3766447368421053
2.3766447368421053
6.321999194414608
1.957586786114222
2.458676776142334
10.560832293105102
3.8592013579215987
2.763157894736842
0.5427631578947368
0.
0.
0.07492315573770492
0.07492315573770492
0.07492315573770492
0.07492315573770492
0.07492315573770492
0.07492315573770492
0.07492315573770492
0.07492315573770492
0.07492315573770492
0.07492315573770492
0.07492315573770492
0.07492315573770492
1.2643998388829216
1.2643998388829216
1.2643998388829216
1.2643998388829216
369.33673469387753
46.95831524099001
18.90245073696633
32.39805273257654
29.239867703480165
12.519132653061224
5.3430451127819545
0.8869701726844583
0.9012258953575513
0.036885245901639344
0.036885245901639344
0.036885245901639344
0.036885245901639344
0.036885245901639344
0.036885245901639344
0.036885245901639344
0.036885245901639344
0.036885245901639344
0.036885245901639344
0.036885245901639344
0.036885245901639344
0.39151735722284436
0.39151735722284436
0.39151735722284436
0.39151735722284436
46.95831524099001
509.8670212765958
50.91202376931088
22.903099214419605
45.23492947286299
24.79103343465045
17.857642777155654
0.3738747954173486
0.3810026567538951
0.26280737704918034
0.26280737704918034
0.26280737704918034
0.26280737704918034
0.26280737704918034
0.26280737704918034
0.26280737704918034
0.26280737704918034
0.26280737704918034
0.26280737704918034
0.26280737704918034
0.26280737704918034
0.25025303643724695
0.25025303643724695
0.25025303643724695
0.25025303643724695
9.619799843014126
25.91005182760502
209.45324095295177
46.44780879127698
51.5732116999713
39.592204670329664
17.730684885290145
3.3653846153846154
3.5720925941444626
1.1291837431693987
1.1291837431693987
1.1291837431693987
1.1291837431693987
1.1291837431693987
1.1291837431693987
1.1291837431693987
1.1291837431693987
1.1291837431693987
1.1291837431693987
1.1291837431693987
1.1291837431693987
1.123660922217047
1.123660922217047
1.123660922217047
1.123660922217047
17.23558560592378
12.184322632272641
48.55393644980944
82.73673390580713
59.53947015345277
62.16349952591655
28.749805930756093
7.7435755616065345
8.773551524737499
0.5999829234972678
0.5999829234972678
0.5999829234972678
0.5999829234972678
0.5999829234972678
0.5999829234972678
0.5999829234972678
0.5999829234972678
0.5999829234972678
0.5999829234972678
0.5999829234972678
0.5999829234972678
0.3947368421052631
0.3947368421052631
0.3947368421052631
0.3947368421052631
14.95393990929705
23.134181864235057
51.82704942133806
57.237157459508694
60.94883668391629
50.72792658730158
38.22368421052631
14.760378510378509
16.806074713967345
0.07334357923497267
0.07334357923497267
0.07334357923497267
0.07334357923497267
0.07334357923497267
0.07334357923497267
0.07334357923497267
0.07334357923497267
0.07334357923497267
0.07334357923497267
0.07334357923497267
0.07334357923497267
0.2763157894736842
0.2763157894736842
0.2763157894736842
0.2763157894736842
6.259566326530612
12.395516717325226
38.89840280264632
58.424946553308516
49.59488506979957
63.28125
32.04867637844611
11.04481456043956
12.263678848989006
0.0509733606557377
0.0509733606557377
0.0509733606557377
0.0509733606557377
0.0509733606557377
0.0509733606557377
0.0509733606557377
0.0509733606557377
0.0509733606557377
0.0509733606557377
0.0509733606557377
0.0509733606557377
0.05427631578947367
0.05427631578947367
0.05427631578947367
0.05427631578947367
2.6715225563909772
8.928821388577827
17.419977704643095
27.020774051212022
37.369933149207476
32.04867637844611
45.98684210526316
5.203272604588394
5.695095036810099
0.01639344262295082
0.01639344262295082
0.01639344262295082
0.01639344262295082
0.01639344262295082
0.01639344262295082
0.01639344262295082
0.01639344262295082
0.01639344262295082
0.01639344262295082
0.01639344262295082
0.01639344262295082
0.
0.
0.
0.
0.44348508634222916
0.1869373977086743
3.3064106291903985
7.277871930774271
14.430695773641347
11.04481456043956
5.203272604588394
8.89423076923077
9.553557942861318
0.014276774890497664
0.014276774890497664
0.014276774890497664
0.014276774890497664
0.014276774890497664
0.014276774890497664
0.014276774890497664
0.014276774890497664
0.014276774890497664
0.014276774890497664
0.014276774890497664
0.014276774890497664
0.
0.
0.
0.
0.39243127662196237
0.16590441947628573
3.056361624971717
7.181220239348391
14.30922172598803
10.680232717638784
4.9597629790522255
8.320033765366974
8.89423076923077