0
0
0
0
0
0
0
0
0
0
0
0
0
0
0
0
0
0
0
0
0
0
0
0
0
0
0
0
0
0
0
0
0
0
0
0
0
0
0
0
0
0
0
0
0
0
0
0
0
0
0
0
0
0
0
0
0
0
0
0
0
0
0
0
0
0
0
0
0
0
0
0
0
0
0
0
0
0
0
0
0
0
0
0
0
0
0
0
0
0
0
0
0
0
0
0
0
0
0
0
0
0
0
0
0
0
0
0
0
0
0
0
0
0
0
0
0
0
0
0
0
0
0
0
0
0
0
0
0
0
0
0
0
0
0
0
0
0
0
0
0
0
0
0
0
0
0
0
0
0
0
0
0
0
0
0
0
0
0
0
0
0
0
0
0
0
0
0
0
0
0
0
0
0
0
0
0
0
0
0
0
0
0
0
0
0
0
0
0
0
0
0
0
0
0
0
0
0
0
0
0
0
0
0
0
0
0
0
0
0
0
0
0
0
0
0
0
0
0
0
0
0
0
0
0
0
0
0
0
0
0
0
0
0
0
0
0
0
0
0
0
0
0
0
0
0
0
0
0
0
0
0
0
0
0
0
0
0
0
0
0
0
0
0
0
0
0
0
0
0
0
0
0
0
0
0
0
0
0
0
0
0
0
0
0
0
0
0
0
0
0
0
0
0
0
0
0
0
0
0
0
0
0
0
0
0
0
0
0
0
0
0
0
0
0
0
0
0
0
0
0
0
0
0
0
0
0
0
0
0
0
0
0
0
0
0
0
0
0
0
0
0
0
0
0
0
0
0
0
0
0
0
0
0
0
0
0
0
0
0
0
0
0
0
0
0
0
0
0
0
0
0
0
0
0
0
0
0
0
0
0
0
0
0
0
0
0
0
0
0
0
0
0
0
0
0
0
0
0
0
0
0
0
0
0
0
0
0
0
0
0
0
0
0
0
0
0
0
0
0
0
0
0
0
0
0
0
0
0
0
0
0
0
0
0
0
0
0
0
0
0
0
0
0
0
0
0
0
0
0
0.16025641025641024
0.16025641025641024
0.16025641025641024
0.16025641025641024
0.16025641025641024
0.16025641025641024
0.16025641025641024
0.16025641025641024
0.16025641025641024
0.16025641025641024
0.16025641025641024
0.16025641025641024
6.471069500674763
6.471069500674763
6.471069500674763
6.471069500674763
38.18861198325484
52.426520731042004
325.94910878809344
37.082337981721246
87.13627446981285
83.8261217948718
17.491143724696357
11.85496794871795
13.515759640133275
0.6021265535083902
0.6021265535083902
0.6021265535083902
0.6021265535083902
0.6021265535083902
0.6021265535083902
0.6021265535083902
0.6021265535083902
0.6021265535083902
0.6021265535083902
0.6021265535083902
0.6021265535083902
22.0062005123428
22.0062005123428
22.0062005123428
22.0062005123428
110.74284359761604
40.6397688759179
38.76379809143947
132.14173007574877
37.194744886974725
38.14583991782553
32.22946747399472
6.794588155207625
7.664187238266293
0.34139994795732503
0.34139994795732503
0.34139994795732503
0.34139994795732503
0.34139994795732503
0.34139994795732503
0.34139994795732503
0.34139994795732503
0.34139994795732503
0.34139994795732503
0.34139994795732503
0.34139994795732503
14.89938387635756
14.89938387635756
14.89938387635756
14.89938387635756
121.98270975056688
118.13492063492062
87.56514970621427
35.75647321474475
148.78344282801973
37.828621031746025
16.09179197994987
19.85996642246642
22.158701703502658
0
0
0
0
0
0
0
0
0
0
0
0
0
0
0
0
0
0
0
0
0
0
0
0
0
0
0
0
0
0
0
0
0
0
0
0
0
0
0
0
0
0
0
0
0
0
0
0
0
0
0
0
0
0
0
0
0
0
0
0
0
0
0
0
0
0
0
0
0
0
0
0
0
0
0
0
0
0
0
0
0
0
0
0
0
0
0
0
0
0
0
0
0
0
0
0
0
0
0
0