0.08196721311475412
0.08196721311475412
0.08196721311475412
0.08196721311475412
0.08196721311475412
0.08196721311475412
0.08196721311475412
0.08196721311475412
0.08196721311475412
0.08196721311475412
0.08196721311475412
0.08196721311475412
12.819240724762727
9.868421052631579
9.868421052631579
9.868421052631579
7.653061224489797
3.191489361702128
9.615384615384615
36.37997152880147
20.718913767934655
21.428571428571427
0.4918032786885247
0.10245901639344263
0.10245901639344263
0.08196721311475412
0.08196721311475412
0.08196721311475412
0.08196721311475412
0.08196721311475412
0.08196721311475412
0.08196721311475412
0.08196721311475412
0.08196721311475412
0.08196721311475412
0.08196721311475412
0.08196721311475412
12.819240724762727
9.868421052631579
9.868421052631579
9.868421052631579
7.653061224489797
3.191489361702128
9.615384615384615
36.37997152880147
20.718913767934655
21.428571428571427
0.4918032786885247
0.10245901639344263
0.10245901639344263
0.08196721311475412
0.08196721311475412
0.08196721311475412
0.08196721311475412
0.08196721311475412
0.08196721311475412
0.08196721311475412
0.08196721311475412
0.08196721311475412
0.08196721311475412
0.08196721311475412
0.08196721311475412
12.819240724762727
9.868421052631579
9.868421052631579
9.868421052631579
7.653061224489797
3.191489361702128
9.615384615384615
36.37997152880147
20.718913767934655
21.428571428571427
0.4918032786885247
0.10245901639344263
0.10245901639344263
0.08196721311475412
0.08196721311475412
0.08196721311475412
0.08196721311475412
0.08196721311475412
0.08196721311475412
0.08196721311475412
0.08196721311475412
0.08196721311475412
0.08196721311475412
0.08196721311475412
0.08196721311475412
12.819240724762727
9.868421052631579
9.868421052631579
9.868421052631579
7.653061224489797
3.191489361702128
9.615384615384615
36.37997152880147
20.718913767934655
21.428571428571427
0.4918032786885247
0.10245901639344263
0.10245901639344263
0.08196721311475412
0.08196721311475412
0.08196721311475412
0.08196721311475412
0.08196721311475412
0.08196721311475412
0.08196721311475412
0.08196721311475412
0.08196721311475412
0.08196721311475412
0.08196721311475412
0.08196721311475412
12.819240724762727
9.868421052631579
9.868421052631579
9.868421052631579
7.653061224489797
3.191489361702128
9.615384615384615
36.37997152880147
20.718913767934655
21.428571428571427
0.4918032786885247
0.10245901639344263
0.10245901639344263
0.08196721311475412
0.08196721311475412
0.08196721311475412
0.08196721311475412
0.08196721311475412
0.08196721311475412
0.08196721311475412
0.08196721311475412
0.08196721311475412
0.08196721311475412
0.08196721311475412
0.08196721311475412
12.819240724762727
9.868421052631579
9.868421052631579
9.868421052631579
7.653061224489797
3.191489361702128
9.615384615384615
36.37997152880147
20.718913767934655
21.428571428571427
0.4918032786885247
0.10245901639344263
0.10245901639344263
0.08196721311475412
0.08196721311475412
0.08196721311475412
0.08196721311475412
0.08196721311475412
0.08196721311475412
0.08196721311475412
0.08196721311475412
0.08196721311475412
0.08196721311475412
0.08196721311475412
0.08196721311475412
12.819240724762727
9.868421052631579
9.868421052631579
9.868421052631579
7.653061224489797
3.191489361702128
9.615384615384615
36.37997152880147
20.718913767934655
21.428571428571427
0.4918032786885247
0.10245901639344263
0.10245901639344263
0.08196721311475412
0.08196721311475412
0.08196721311475412
0.08196721311475412
0.08196721311475412
0.08196721311475412
0.08196721311475412
0.08196721311475412
0.08196721311475412
0.08196721311475412
0.08196721311475412
0.08196721311475412
12.819240724762727
9.868421052631579
9.868421052631579
9.868421052631579
7.653061224489797
3.191489361702128
9.615384615384615
36.37997152880147
20.718913767934655
21.428571428571427
0.4918032786885247
0.10245901639344263
0.10245901639344263
0.08196721311475412
0.08196721311475412
0.08196721311475412
0.08196721311475412
0.08196721311475412
0.08196721311475412
0.08196721311475412
0.08196721311475412
0.08196721311475412
0.08196721311475412
0.08196721311475412
0.08196721311475412
12.819240724762727
9.868421052631579
9.868421052631579
9.868421052631579
7.653061224489797
3.191489361702128
9.615384615384615
36.37997152880147
20.718913767934655
21.428571428571427
0.4918032786885247
0.10245901639344263
0.10245901639344263
0.08196721311475412
0.08196721311475412
0.08196721311475412
0.08196721311475412
0.08196721311475412
0.08196721311475412
0.08196721311475412
0.08196721311475412
0.08196721311475412
0.08196721311475412
0.08196721311475412
0.08196721311475412
12.819240724762727
9.868421052631579
9.868421052631579
9.868421052631579
7.653061224489797
3.191489361702128
9.615384615384615
36.37997152880147
20.718913767934655
21.428571428571427
0.4918032786885247
0.10245901639344263
0.10245901639344263
0.08196721311475412
0.08196721311475412
0.08196721311475412
0.08196721311475412
0.08196721311475412
0.08196721311475412
0.08196721311475412
0.08196721311475412
0.08196721311475412
0.08196721311475412
0.08196721311475412
0.08196721311475412
12.819240724762727
9.868421052631579
9.868421052631579
9.868421052631579
7.653061224489797
3.191489361702128
9.615384615384615
36.37997152880147
20.718913767934655
21.428571428571427
0.4918032786885247
0.10245901639344263
0.10245901639344263
0.08196721311475412
0.08196721311475412
0.08196721311475412
0.08196721311475412
0.08196721311475412
0.08196721311475412
0.08196721311475412
0.08196721311475412
0.08196721311475412
0.08196721311475412
0.08196721311475412
0.08196721311475412
12.819240724762727
9.868421052631579
9.868421052631579
9.868421052631579
7.653061224489797
3.191489361702128
9.615384615384615
36.37997152880147
20.718913767934655
21.428571428571427
0.4918032786885247
0.10245901639344263
0.10245901639344263
1.0682700603968938
1.0682700603968938
1.0682700603968938
1.0682700603968938
1.0682700603968938
1.0682700603968938
1.0682700603968938
1.0682700603968938
1.0682700603968938
1.0682700603968938
1.0682700603968938
1.0682700603968938
39.53125
39.53125
39.53125
39.53125
122.57871240601501
46.754444288913774
63.576724281232224
206.8273341398667
145.66596363584682
68.49976503759399
17.214912280701753
21.771255060728745
24.764956822078258
0.8223684210526315
0.8223684210526315
0.8223684210526315
0.8223684210526315
0.8223684210526315
0.8223684210526315
0.8223684210526315
0.8223684210526315
0.8223684210526315
0.8223684210526315
0.8223684210526315
0.8223684210526315
39.53125
39.53125
39.53125
39.53125
122.57871240601501
46.754444288913774
63.576724281232224
206.8273341398667
145.66596363584682
68.49976503759399
17.214912280701753
21.771255060728745
24.764956822078258
0.8223684210526315
0.8223684210526315
0.8223684210526315
0.8223684210526315
0.8223684210526315
0.8223684210526315
0.8223684210526315
0.8223684210526315
0.8223684210526315
0.8223684210526315
0.8223684210526315
0.8223684210526315
39.53125
39.53125
39.53125
39.53125
122.57871240601501
46.754444288913774
63.576724281232224
206.8273341398667
145.66596363584682
68.49976503759399
17.214912280701753
21.771255060728745
24.764956822078258
0.8223684210526315
0.8223684210526315
0.8223684210526315
0.8223684210526315
0.8223684210526315
0.8223684210526315
0.8223684210526315
0.8223684210526315
0.8223684210526315
0.8223684210526315
0.8223684210526315
0.8223684210526315
39.53125
39.53125
39.53125
39.53125
122.57871240601501
46.754444288913774
63.576724281232224
206.8273341398667
145.66596363584682
68.49976503759399
17.214912280701753
21.771255060728745
24.764956822078258
0.12755102040816327
0.12755102040816327
0.12755102040816327
0.12755102040816327
0.12755102040816327
0.12755102040816327
0.12755102040816327
0.12755102040816327
0.12755102040816327
0.12755102040816327
0.12755102040816327
0.12755102040816327
24.515742481203002
24.515742481203002
24.515742481203002
24.515742481203002
680.2551020408163
106.75586191923576
75.03881250198862
208.16539505323883
238.51629181692093
49.32397959183673
24.079394915861076
3.95653453689168
4.120475347632248
0.05319148936170213
0.05319148936170213
0.05319148936170213
0.05319148936170213
0.05319148936170213
0.05319148936170213
0.05319148936170213
0.05319148936170213
0.05319148936170213
0.05319148936170213
0.05319148936170213
0.05319148936170213
9.350888857782754
9.350888857782754
9.350888857782754
9.350888857782754
106.75586191923576
435.5585106382979
103.01562834997233
76.39133390566
230.99259937367128
61.94576367781155
11.323721537887272
24.18473813420622
27.470682210354138
0.16025641025641024
0.16025641025641024
0.16025641025641024
0.16025641025641024
0.16025641025641024
0.16025641025641024
0.16025641025641024
0.16025641025641024
0.16025641025641024
0.16025641025641024
0.16025641025641024
0.16025641025641024
6.471069500674763
6.471069500674763
6.471069500674763
6.471069500674763
38.18861198325484
52.426520731042004
325.94910878809344
37.082337981721246
87.13627446981285
83.8261217948718
17.491143724696357
11.85496794871795
13.515759640133275
0.6021265535083902
0.6021265535083902
0.6021265535083902
0.6021265535083902
0.6021265535083902
0.6021265535083902
0.6021265535083902
0.6021265535083902
0.6021265535083902
0.6021265535083902
0.6021265535083902
0.6021265535083902
22.0062005123428
22.0062005123428
22.0062005123428
22.0062005123428
110.74284359761604
40.6397688759179
38.76379809143947
132.14173007574877
37.194744886974725
38.14583991782553
32.22946747399472
6.794588155207625
7.664187238266293
0.34139994795732503
0.34139994795732503
0.34139994795732503
0.34139994795732503
0.34139994795732503
0.34139994795732503
0.34139994795732503
0.34139994795732503
0.34139994795732503
0.34139994795732503
0.34139994795732503
0.34139994795732503
14.89938387635756
14.89938387635756
14.89938387635756
14.89938387635756
121.98270975056688
118.13492063492062
87.56514970621427
35.75647321474475
148.78344282801973
37.828621031746025
16.09179197994987
19.85996642246642
22.158701703502658
0.17857142857142855
0.17857142857142855
0.17857142857142855
0.17857142857142855
0.17857142857142855
0.17857142857142855
0.17857142857142855
0.17857142857142855
0.17857142857142855
0.17857142857142855
0.17857142857142855
0.17857142857142855
6.8499765037593985
6.8499765037593985
6.8499765037593985
6.8499765037593985
24.661989795918366
30.972881838905774
82.35717808875084
35.85172449148983
36.983693965684004
111.69642857142857
35.122572055137844
8.381696428571427
8.984000711509603
0.004098360655737705
0.004098360655737705
0.004098360655737705
0.004098360655737705
0.004098360655737705
0.004098360655737705
0.004098360655737705
0.004098360655737705
0.004098360655737705
0.004098360655737705
0.004098360655737705
0.004098360655737705
1.7214912280701753
1.7214912280701753
1.7214912280701753
1.7214912280701753
12.039697457930538
5.661860768943636
17.18463419118694
30.291166503981874
15.732371249971658
35.122572055137844
95.92105263157895
15.949308367071524
17.488926415765558
0.0008538251366120218
0.0008538251366120218
0.0008538251366120218
0.0008538251366120218
0.0008538251366120218
0.0008538251366120218
0.0008538251366120218
0.0008538251366120218
0.0008538251366120218
0.0008538251366120218
0.0008538251366120218
0.0008538251366120218
2.1771255060728745
2.1771255060728745
2.1771255060728745
2.1771255060728745
1.97826726844584
12.09236906710311
11.64722506163618
6.385957239332168
19.416381044417808
8.381696428571427
15.949308367071524
69.23076923076924
74.36282939308269
0.0007435820255467532
0.0007435820255467532
0.0007435820255467532
0.0007435820255467532
0.0007435820255467532
0.0007435820255467532
0.0007435820255467532
0.0007435820255467532
0.0007435820255467532
0.0007435820255467532
0.0007435820255467532
0.0007435820255467532
2.1567386537024045
2.1567386537024045
2.1567386537024045
2.1567386537024045
1.7942265188897166
11.961878753171556
11.564383623246657
6.27319693266864
18.866617055553828
7.8240159022319
15.230813396376144
64.76134390339699
69.23076923076923