0.08196721311475412
0.08196721311475412
0.08196721311475412
0.08196721311475412
0.08196721311475412
0.08196721311475412
0.08196721311475412
0.08196721311475412
0.08196721311475412
0.08196721311475412
0.08196721311475412
0.08196721311475412
12.819240724762727
9.868421052631579
9.868421052631579
9.868421052631579
7.653061224489797
3.191489361702128
19.23076923076923
72.25518642100683
40.967993754879004
21.428571428571427
0.4918032786885247
0.10245901639344263
0.10245901639344263
0.08196721311475412
0.08196721311475412
0.08196721311475412
0.08196721311475412
0.08196721311475412
0.08196721311475412
0.08196721311475412
0.08196721311475412
0.08196721311475412
0.08196721311475412
0.08196721311475412
0.08196721311475412
12.819240724762727
9.868421052631579
9.868421052631579
9.868421052631579
7.653061224489797
3.191489361702128
19.23076923076923
72.25518642100683
40.967993754879004
21.428571428571427
0.4918032786885247
0.10245901639344263
0.10245901639344263
0.08196721311475412
0.08196721311475412
0.08196721311475412
0.08196721311475412
0.08196721311475412
0.08196721311475412
0.08196721311475412
0.08196721311475412
0.08196721311475412
0.08196721311475412
0.08196721311475412
0.08196721311475412
12.819240724762727
9.868421052631579
9.868421052631579
9.868421052631579
7.653061224489797
3.191489361702128
19.23076923076923
72.25518642100683
40.967993754879004
21.428571428571427
0.4918032786885247
0.10245901639344263
0.10245901639344263
0.08196721311475412
0.08196721311475412
0.08196721311475412
0.08196721311475412
0.08196721311475412
0.08196721311475412
0.08196721311475412
0.08196721311475412
0.08196721311475412
0.08196721311475412
0.08196721311475412
0.08196721311475412
12.819240724762727
9.868421052631579
9.868421052631579
9.868421052631579
7.653061224489797
3.191489361702128
19.23076923076923
72.25518642100683
40.967993754879004
21.428571428571427
0.4918032786885247
0.10245901639344263
0.10245901639344263
0.08196721311475412
0.08196721311475412
0.08196721311475412
0.08196721311475412
0.08196721311475412
0.08196721311475412
0.08196721311475412
0.08196721311475412
0.08196721311475412
0.08196721311475412
0.08196721311475412
0.08196721311475412
12.819240724762727
9.868421052631579
9.868421052631579
9.868421052631579
7.653061224489797
3.191489361702128
19.23076923076923
72.25518642100683
40.967993754879004
21.428571428571427
0.4918032786885247
0.10245901639344263
0.10245901639344263
0.08196721311475412
0.08196721311475412
0.08196721311475412
0.08196721311475412
0.08196721311475412
0.08196721311475412
0.08196721311475412
0.08196721311475412
0.08196721311475412
0.08196721311475412
0.08196721311475412
0.08196721311475412
12.819240724762727
9.868421052631579
9.868421052631579
9.868421052631579
7.653061224489797
3.191489361702128
19.23076923076923
72.25518642100683
40.967993754879004
21.428571428571427
0.4918032786885247
0.10245901639344263
0.10245901639344263
0.08196721311475412
0.08196721311475412
0.08196721311475412
0.08196721311475412
0.08196721311475412
0.08196721311475412
0.08196721311475412
0.08196721311475412
0.08196721311475412
0.08196721311475412
0.08196721311475412
0.08196721311475412
12.819240724762727
9.868421052631579
9.868421052631579
9.868421052631579
7.653061224489797
3.191489361702128
19.23076923076923
72.25518642100683
40.967993754879004
21.428571428571427
0.4918032786885247
0.10245901639344263
0.10245901639344263
0.08196721311475412
0.08196721311475412
0.08196721311475412
0.08196721311475412
0.08196721311475412
0.08196721311475412
0.08196721311475412
0.08196721311475412
0.08196721311475412
0.08196721311475412
0.08196721311475412
0.08196721311475412
12.819240724762727
9.868421052631579
9.868421052631579
9.868421052631579
7.653061224489797
3.191489361702128
19.23076923076923
72.25518642100683
40.967993754879004
21.428571428571427
0.4918032786885247
0.10245901639344263
0.10245901639344263
0.08196721311475412
0.08196721311475412
0.08196721311475412
0.08196721311475412
0.08196721311475412
0.08196721311475412
0.08196721311475412
0.08196721311475412
0.08196721311475412
0.08196721311475412
0.08196721311475412
0.08196721311475412
12.819240724762727
9.868421052631579
9.868421052631579
9.868421052631579
7.653061224489797
3.191489361702128
19.23076923076923
72.25518642100683
40.967993754879004
21.428571428571427
0.4918032786885247
0.10245901639344263
0.10245901639344263
0.08196721311475412
0.08196721311475412
0.08196721311475412
0.08196721311475412
0.08196721311475412
0.08196721311475412
0.08196721311475412
0.08196721311475412
0.08196721311475412
0.08196721311475412
0.08196721311475412
0.08196721311475412
12.819240724762727
9.868421052631579
9.868421052631579
9.868421052631579
7.653061224489797
3.191489361702128
19.23076923076923
72.25518642100683
40.967993754879004
21.428571428571427
0.4918032786885247
0.10245901639344263
0.10245901639344263
0.08196721311475412
0.08196721311475412
0.08196721311475412
0.08196721311475412
0.08196721311475412
0.08196721311475412
0.08196721311475412
0.08196721311475412
0.08196721311475412
0.08196721311475412
0.08196721311475412
0.08196721311475412
12.819240724762727
9.868421052631579
9.868421052631579
9.868421052631579
7.653061224489797
3.191489361702128
19.23076923076923
72.25518642100683
40.967993754879004
21.428571428571427
0.4918032786885247
0.10245901639344263
0.10245901639344263
0.08196721311475412
0.08196721311475412
0.08196721311475412
0.08196721311475412
0.08196721311475412
0.08196721311475412
0.08196721311475412
0.08196721311475412
0.08196721311475412
0.08196721311475412
0.08196721311475412
0.08196721311475412
12.819240724762727
9.868421052631579
9.868421052631579
9.868421052631579
7.653061224489797
3.191489361702128
19.23076923076923
72.25518642100683
40.967993754879004
21.428571428571427
0.4918032786885247
0.10245901639344263
0.10245901639344263
1.0682700603968938
1.0682700603968938
1.0682700603968938
1.0682700603968938
1.0682700603968938
1.0682700603968938
1.0682700603968938
1.0682700603968938
1.0682700603968938
1.0682700603968938
1.0682700603968938
1.0682700603968938
39.53125
39.53125
39.53125
39.53125
122.57871240601501
46.754444288913774
64.71069500674764
220.06200512342804
148.9938387635756
68.49976503759399
17.214912280701753
21.771255060728745
24.764956822078258
0.8223684210526315
0.8223684210526315
0.8223684210526315
0.8223684210526315
0.8223684210526315
0.8223684210526315
0.8223684210526315
0.8223684210526315
0.8223684210526315
0.8223684210526315
0.8223684210526315
0.8223684210526315
39.53125
39.53125
39.53125
39.53125
122.57871240601501
46.754444288913774
64.71069500674764
220.06200512342804
148.9938387635756
68.49976503759399
17.214912280701753
21.771255060728745
24.764956822078258
0.8223684210526315
0.8223684210526315
0.8223684210526315
0.8223684210526315
0.8223684210526315
0.8223684210526315
0.8223684210526315
0.8223684210526315
0.8223684210526315
0.8223684210526315
0.8223684210526315
0.8223684210526315
39.53125
39.53125
39.53125
39.53125
122.57871240601501
46.754444288913774
64.71069500674764
220.06200512342804
148.9938387635756
68.49976503759399
17.214912280701753
21.771255060728745
24.764956822078258
0.8223684210526315
0.8223684210526315
0.8223684210526315
0.8223684210526315
0.8223684210526315
0.8223684210526315
0.8223684210526315
0.8223684210526315
0.8223684210526315
0.8223684210526315
0.8223684210526315
0.8223684210526315
39.53125
39.53125
39.53125
39.53125
122.57871240601501
46.754444288913774
64.71069500674764
220.06200512342804
148.9938387635756
68.49976503759399
17.214912280701753
21.771255060728745
24.764956822078258
0.12755102040816327
0.12755102040816327
0.12755102040816327
0.12755102040816327
0.12755102040816327
0.12755102040816327
0.12755102040816327
0.12755102040816327
0.12755102040816327
0.12755102040816327
0.12755102040816327
0.12755102040816327
24.515742481203002
24.515742481203002
24.515742481203002
24.515742481203002
680.2551020408163
106.75586191923576
76.37722396650967
221.4856871952321
243.96541950113377
49.32397959183673
24.079394915861076
3.9565345368916796
4.120475347632248
0.05319148936170213
0.05319148936170213
0.05319148936170213
0.05319148936170213
0.05319148936170213
0.05319148936170213
0.05319148936170213
0.05319148936170213
0.05319148936170213
0.05319148936170213
0.05319148936170213
0.05319148936170213
9.350888857782754
9.350888857782754
9.350888857782754
9.350888857782754
106.75586191923576
435.5585106382979
104.85304146208401
81.2795377518358
236.26984126984124
61.94576367781154
11.323721537887272
24.18473813420622
27.470682210354138
0.16025641025641024
0.16025641025641024
0.16025641025641024
0.16025641025641024
0.16025641025641024
0.16025641025641024
0.16025641025641024
0.16025641025641024
0.16025641025641024
0.16025641025641024
0.16025641025641024
0.16025641025641024
6.471069500674763
6.471069500674763
6.471069500674763
6.471069500674763
38.18861198325484
52.426520731042004
331.7628205128205
39.45519911504425
89.12698412698411
83.8261217948718
17.491143724696357
11.85496794871795
13.515759640133275
0.6021265535083902
0.6021265535083902
0.6021265535083902
0.6021265535083902
0.6021265535083902
0.6021265535083902
0.6021265535083902
0.6021265535083902
0.6021265535083902
0.6021265535083902
0.6021265535083902
0.6021265535083902
22.0062005123428
22.0062005123428
22.0062005123428
22.0062005123428
110.74284359761604
40.6397688759179
39.45519911504425
140.59734513274336
38.0444936086529
38.14583991782553
32.22946747399472
6.794588155207625
7.664187238266293
0.34139994795732503
0.34139994795732503
0.34139994795732503
0.34139994795732503
0.34139994795732503
0.34139994795732503
0.34139994795732503
0.34139994795732503
0.34139994795732503
0.34139994795732503
0.34139994795732503
0.34139994795732503
14.89938387635756
14.89938387635756
14.89938387635756
14.89938387635756
121.98270975056688
118.13492063492062
89.12698412698411
38.0444936086529
152.18253968253967
37.828621031746025
16.09179197994987
19.85996642246642
22.158701703502658
0.17857142857142855
0.17857142857142855
0.17857142857142855
0.17857142857142855
0.17857142857142855
0.17857142857142855
0.17857142857142855
0.17857142857142855
0.17857142857142855
0.17857142857142855
0.17857142857142855
0.17857142857142855
6.8499765037593985
6.8499765037593985
6.8499765037593985
6.8499765037593985
24.661989795918366
30.97288183890577
83.8261217948718
38.14583991782553
37.828621031746025
111.69642857142857
35.122572055137844
8.381696428571427
8.984000711509603
0.004098360655737705
0.004098360655737705
0.004098360655737705
0.004098360655737705
0.004098360655737705
0.004098360655737705
0.004098360655737705
0.004098360655737705
0.004098360655737705
0.004098360655737705
0.004098360655737705
0.004098360655737705
1.7214912280701753
1.7214912280701753
1.7214912280701753
1.7214912280701753
12.039697457930538
5.661860768943636
17.491143724696357
32.22946747399472
16.09179197994987
35.122572055137844
95.92105263157895
15.949308367071524
17.488926415765558
0.0008538251366120218
0.0008538251366120218
0.0008538251366120218
0.0008538251366120218
0.0008538251366120218
0.0008538251366120218
0.0008538251366120218
0.0008538251366120218
0.0008538251366120218
0.0008538251366120218
0.0008538251366120218
0.0008538251366120218
2.1771255060728745
2.1771255060728745
2.1771255060728745
2.1771255060728745
1.9782672684458398
12.09236906710311
11.85496794871795
6.794588155207625
19.85996642246642
8.381696428571427
15.949308367071524
69.23076923076924
74.36282939308269
0.0007435820255467532
0.0007435820255467532
0.0007435820255467532
0.0007435820255467532
0.0007435820255467532
0.0007435820255467532
0.0007435820255467532
0.0007435820255467532
0.0007435820255467532
0.0007435820255467532
0.0007435820255467532
0.0007435820255467532
2.1567386537024045
2.1567386537024045
2.1567386537024045
2.1567386537024045
1.7942265188897166
11.961878753171556
11.770648929231646
6.674612431080523
19.297642561282267
7.8240159022319
15.230813396376144
64.76134390339699
69.23076923076923