0
0
0
0
0
0
0
0
0
0
0
0
0
0
0
0
0
0
0
0
0
0
0
0
0
0
0
0
0
0
0
0
0
0
0
0
0
0
0
0
0
0
0
0
0
0
0
0
0
0
0
0
0
0
0
0
0
0
0
0
0
0
0
0
0
0
0
0
0
0
0
0
0
0
0
0
0
0
0
0
0
0
0
0
0
0
0
0
0
0
0
0
0
0
0
0
0
0
0
0
0
0
0
0
0
0
0
0
0
0
0
0
0
0
0
0
0
0
0
0
0
0
0
0
0
0
0
0
0
0
0
0
0
0
0
0
0
0
0
0
0
0
0
0
0
0
0
0
0
0
0
0
0
0
0
0
0
0
0
0
0
0
0
0
0
0
0
0
0
0
0
0
0
0
0
0
0
0
0
0
0
0
0
0
0
0
0
0
0
0
0
0
0
0
0
0
0
0
0
0
0
0
0
0
0
0
0
0
0
0
0
0
0
0
0
0
0
0
0
0
0
0
0
0
0
0
0
0
0
0
0
0
0
0
0
0
0
0
0
0
0
0
0
0
0
0
0
0
0
0
0
0
0
0
0
0
0
0
0
0
0
0
0
0
0
0
0
0
0
0
0
0
0
0
0
0
0
0
0
0
0
0
0
0
0
0
0
0
0
0
0
0
0
0
0
0
0
0
0
0
0
0
0
0
0
0
0
0
0
0
0
0
0
0
0
0
0
0
0
0
0
0
0
0
0
0
0
0
0
0
0
0
0
0
0
0
0
0
0
0
0
0
0
0
0
0
0
0
0
0
0
0
0
0
0
0
0
0
0
0
0
0
0
0
0
0
0
0
0
0
0
0
0
0
0
0
0
0
0
0
0
0
0
0
0
0
0
0
0
0
0
0
0
0
0
0
0
0
0
0
0
0
0
0
0
0
0
0
0
0
0
0
0
0
0
0
0
0
0
0
0
0
0
0
0
0
0
0
0
0
0
0
0
0
0
0
0
0
0
0
0
0
0
0
0
0
0
0
0
0
0.0009562841530054644
0.0009562841530054644
0.0009562841530054644
0.0009562841530054644
0.0009562841530054644
0.0009562841530054644
0.0009562841530054644
0.0009562841530054644
0.0009562841530054644
0.0009562841530054644
0.0009562841530054644
0.0009562841530054644
0.002774966261808367
0.002774966261808367
0.002774966261808367
0.002774966261808367
0.07620355834641548
0.21276595744680848
1.480012376875702
0.2742322776915467
0.27634834632182576
0.28125
0.14186909581646423
0.0641025641025641
0.07123042543911057
0.004132513661202186
0.004132513661202186
0.004132513661202186
0.004132513661202186
0.004132513661202186
0.004132513661202186
0.004132513661202186
0.004132513661202186
0.004132513661202186
0.004132513661202186
0.004132513661202186
0.004132513661202186
0.012529110386585935
0.012529110386585935
0.012529110386585935
0.012529110386585935
0.1332174462705436
0.09129636603276217
0.28666705556242417
0.5738964201558876
0.4277195672719756
0.45764854614412137
0.237812451482689
0.049523485364193334
0.055225774433430505
0.0022882513661202186
0.0022882513661202186
0.0022882513661202186
0.0022882513661202186
0.0022882513661202186
0.0022882513661202186
0.0022882513661202186
0.0022882513661202186
0.0022882513661202186
0.0022882513661202186
0.0022882513661202186
0.0022882513661202186
0.004605263157894736
0.004605263157894736
0.004605263157894736
0.004605263157894736
0.12046485260770973
0.2018743667679838
0.27770850273290776
0.41118021637347874
0.5819430619088125
0.41319444444444436
0.2518796992481203
0.15445665445665444
0.17441466619898452
0
0
0
0
0
0
0
0
0
0
0
0
0
0
0
0
0
0
0
0
0
0
0
0
0
0
0
0
0
0
0
0
0
0
0
0
0
0
0
0
0
0
0
0
0
0
0
0
0
0
0
0
0
0
0
0
0
0
0
0
0
0
0
0
0
0
0
0
0
0
0
0
0
0
0
0
0
0
0
0
0
0
0
0
0
0
0
0
0
0
0
0
0
0
0
0
0
0
0
0