39
26
19
13
16
7
9
7
10
9
3
2
42
21
10
6
21
11
42
32
33
32
31
35
19
31
14
8
5
9
5
10
7
6
12
3
6
33
13
12
7
28
23
44
33
45
41
49
37
25
20
17
9
9
12
7
4
8
5
9
8
2
30
16
7
11
21
16
35
32
29
35
42
30
18
29
19
6
12
11
6
17
13
6
8
0
4
38
14
15
10
17
15
31
34
34
34
48
22
20
30
18
5
13
5
9
8
9
5
2
1
3
25
16
10
9
27
17
36
33
23
37
39
26
13
13
19
9
7
4
4
6
6
7
3
2
2
19
9
13
8
18
8
34
28
24
20
43
20
40
21
19
16
7
9
4
8
13
6
1
1
5
27
10
10
5
21
16
28
28
19
39
32
22
14
27
27
14
9
9
5
8
9
7
5
5
5
27
20
16
10
32
17
33
29
40
23
31
28
17
17
13
15
9
4
4
12
8
6
6
3
6
24
12
8
8
18
12
39
35
29
27
34
31
13
30
18
16
10
5
6
6
4
8
3
6
1
31
11
12
2
16
19
22
33
43
35
28
25
12
35
11
14
8
16
9
3
3
4
4
3
3
28
17
8
4
12
15
63
35
26
32
41
36
22
14
11
7
10
9
5
5
2
8
2
2
0
25
12
6
5
14
13
37
35
41
29
39
38
11
23
21
10
9
3
10
8
5
1
4
2
8
28
6
8
7
20
13
34
45
29
21
37
17
30
25
16
4
4
3
8
9
2
5
5
4
2
24
14
6
7
16
21
30
26
27
11
34
28
13
35
16
12
10
14
12
8
3
9
6
8
7
33
13
13
9
23
19
39
32
38
26
33
15
10
30
24
11
8
19
12
3
8
6
8
8
2
39
11
15
8
20
22
58
33
38
35
39
26
22
32
22
24
14
12
4
10
8
3
8
7
3
30
20
12
7
21
27
30
30
49
23
34
19
18
22
25
17
15
9
10
8
5
10
7
15
12
22
14
13
9
16
13
40
57
40
51
52
31
20
36
25
18
19
19
15
11
13
8
4
10
9
51
17
14
5
31
21
56
47
64
51
49
31
30
37
30
10
14
10
13
12
10
7
7
9
6
41
15
13
9
27
24
58
60
43
59
54
42
44
19
22
16
13
14
9
8
4
3
7
9
2
33
20
10
13
23
18
58
52
47
45
51
34
25
26
20
20
25
10
12
8
12
11
5
14
7
40
13
9
11
24
22
69
67
57
66
48
43
20
29
25
13
17
16
11
8
9
9
6
11
4
47
21
13
12
39
29
63
75
61
61
71
48
35
39
44
30
12
11
10
7
8
9
15
6
8
49
11
12
16
24
23
77
59
57
59
63
46
27
34
36
20
16
15
12
10
11
5
5
5
5
55
25
13
18
61
32
72
63
51
54
70
49
32
45
43
19
20
10
12
13
11
10
12
9
6
49
20
19
30
64
31
84
90
67
81
66
42
24
46
37
26
16
16
20
7
18
19
3
18
8
43
34
21
21
48
57
105
136
84
70
93
48
36
63
47
28
18
23
20
12
16
12
14
15
9
80
40
25
39
105
71
177
210
159
146
137
72
64
63
47
39
40
19
13
16
21
11
19
14
14
116
56
65
49
171
144
410
545
377
328
322
192
164
73
58
51
40
22
29
20
24
15
27
24
25
165
81
82
76
212
164
541
692
563
527
432
278
258
98
66
64
31
25
35
16
20
28
20
22
28
174
96
65
58
121
85
476
602
545
551
560
353
288
89
71
59
52
39
14
33
16
22
27
17
19
138
77
40
38
131
89
390
441
432
502
447
342
348
63
37
43
43
15
22
20
19
24
8
18
15
149
77
51
50
111
95
350
353
366
393
395
297
272
62
55
44
38
27
18
23
17
19
10
9
13
120
65
56
45
106
63
192
230
214
208
250
180
173
52
64
35
23
41
21
15
20
14
13
21
8
93
46
59
36
109
58
156
136
148
164
175
122
118
50
43
42
19
20
26
16
13
19
14
20
7
123
46
37
19
82
50
121
127
127
114
125
90
92
44
49
33
19
21
23
21
15
27
19
14
12
84
32
32
32
72
49
116
128
106
127
111
69
76
50
37
25
30
27
16
14
21
11
15
13
9
72
32
37
23
45
39
103
113
110
80
92
61
70
44
44
27
19
21
22
16
7
12
15
11
9
71
30
29
26
58
41
86
91
92
90
82
59
53
35
29
27
23
20
18
9
22
13
17
15
7
65
43
17
19
48
39
65
62
62
55
94
41
43
33
38
19
17
12
16
11
9
15
6
9
13
83
45
25
17
39
22
78
85
64
67
79
46
59
30
39
29
25
21
26
18
11
19
7
14
6
64
36
27
20
33
27
78
77
76
51
70
37
49
35
39
30
19
20
17
26
13
13
9
6
5
61
21
15
17
34
37
55
47
65
72
62
35
56
26
22
24
19
12
24
10
9
8
14
12
10
67
18
19
17
45
25
55
58
72
64
63
40
55
53
30
23
18
13
14
16
9
11
12
8
5
62
22
19
10
48
26
59
66
51
53
73
39
40
37
38
34
19
16
14
12
16
6
17
11
10
52
29
20
10
41
27
57
65
71
59
60
41
36
40
29
25
18
19
17
9
10
11
5
8
10
52
20
24
7
34
24
66
54
45
64
46
22
34
25
29
21
18
25
7
10
8
4
12
8
7
43
14
17
9
39
27
48
38
44
35
44
36
32
21
22
12
16
14
11
8
10
6
6
6
4
34
14
19
8
26
30
50
56
39
36
42
24
30
29
28
20
17
11
12
7
10
10
6
6
3
34
12
15
9
49
23
48
45
48
39
54
21
36
30
34
12
16
11
12
13
8
10
9
6
7
45
18
16
8
34
24
63
47
52
59
50
28
25
30
30
18
12
12
17
9
12
17
14
8
5
52
19
16
9
32
14
64
60
47
42
70
25
52
33
31
22
9
6
19
13
10
19
13
8
4
41
22
23
13
32
18
62
44
60
51
57
34
38
35
21
14
9
10
14
8
11
8
9
4
3
49
8
12
5
23
26
58
41
40
47
61
29
34
30
14
24
13
12
8
6
10
9
7
5
8
51
16
11
6
34
22
44
46
58
45
44
32
38
45
28
20
8
16
7
5
12
12
5
8
10
51
13
15
19
26
27
66
38
46
54
54
37
32
26
34
11
11
12
5
1
13
13
6
9
7
39
16
21
13
35
24
36
51
43
58
75
37
25
31
24
15
15
12
9
16
16
15
4
11
11
39
16
23
13
69
21
60
69
52
45
49
37
35
30
25
14
13
12
12
10
7
12
8
5
7
50
12
25
10
34
22
52
51
48
69
44
23
31
32
25
18
14
14
13
4
10
12
6
6
7
38
14
21
15
19
21
57
50
45
43
55
30
36
46
27
14
10
9
10
7
5
8
6
10
3
32
18
16
13
34
21
47
50
53
41
32
38
18
31
13
22
15
8
7
6
5
14
4
8
4
46
14
16
9
25
19
66
44
57
42
38
22
28
41
24
24
12
8
9
8
7
13
0
6
2
36
19
14
4
24
22
46
42
37
39
35
27
29
23
36
29
14
11
8
3
6
3
11
3
6
30
14
14
4
26
20
42
52
48
44
45
24
27
26
26
9
12
11
10
14
7
5
8
4
7
33
17
5
10
31
13
44
56
38
53
39
31
23
24
20
18
12
5
12
4
8
5
6
3
1
22
22
22
4
28
18
38
48
43
27
44
14
37
16
24
19
11
9
7
11
8
4
13
9
8
30
12
10
5
18
17
54
51
39
54
42
29
21
9
7
7
9
2
6
5
5
6
3
7
2
16
6
6
6
14
7
19
11
16
18
14
5
17
5
5
8
6
4
4
6
2
1
6
3
3
17
8
7
6
14
5
10
12
10
7
4
5
17
5
7
9
5
1
2
2
5
4
3
3
2
22
10
6
2
12
6
13
10
13
9
8
3
27
6
7
6
3
2
0
6
1
3
4
3
3
18
5
7
6
5
12
7
10
9
4
1
5
13
7
12
2
4
2
2
3
7
6
3
3
6
22
8
5
5
11
12
26
20
17
19
10
8
26
32
18
15
11
4
12
6
8
5
10
5
5
46
27
14
13
30
24
53
42
57
58
53
37
33
39
37
28
8
9
13
15
8
15
9
5
6
49
24
16
25
38
16
46
55
47
45
40
36
43
30
24
19
15
18
9
9
7
8
7
7
7
44
25
17
12
23
22
47
57
58
48
51
34
47
34
26
17
17
16
11
12
9
8
5
7
3
37
27
20
12
31
20
67
60
52
47
45
33
46
41
34
13
16
12
9
5
10
10
8
12
8
45
14
23
16
53
28
52
62
59
49
62
38
48
28
17
18
17
6
11
7
10
9
10
5
7
56
20
15
10
62
18
67
69
60
54
43
44
50
42
28
24
15
6
10
12
10
9
7
11
4
47
28
14
15
42
20
54
71
68
50
66
37
47
37
36
19
12
16
14
5
9
4
6
6
4
44
21
18
19
36
19
51
63
56
49
69
36
62
36
27
16
10
17
5
6
4
9
6
9
6
40
25
12
14
50
32
55
64
85
66
68
37
49
73
38
18
15
3
9
5
6
3
6
6
8
37
26
17
10
31
31
57
78
70
76
50
37
66
36
36
17
11
4
13
8
4
7
6
4
5
24
21
17
2
23
15
39
48
54
44
56
46
69
40
26
17
11
6
10
9
6
9
7
7
1
29
24
8
7
44
22
67
83
61
60
84
65
90
39
35
14
11
10
7
7
8
6
7
12
5
40
23
18
20
42
18
79
93
74
82
102
51
76
37
30
13
14
6
13
9
3
7
9
6
9
47
20
19
17
41
29
59
77
61
75
59
54
78
43
28
14
14
13
7
15
6
3
6
9
9
42
21
30
22
56
30
55
64
67
54
69
54
63
41
50
20
15
17
15
16
10
5
6
7
5
64
36
29
22
59
35
60
70
89
67
76
44
53
30
36
26
24
13
12
8
14
13
12
7
6
54
27
20
23
47
30
52
73
80
67
73
46
121
49
41
36
24
14
11
6
19
9
7
6
10
55
42
38
20
55
37
54
88
94
56
77
50
113
58
33
34
21
11
15
18
17
15
12
9
4
56
25
24
21
45
28
73
91
89
78
89
57
121
33
14
19
15
13
8
10
13
14
11
10
3
54
29
21
21
51
30
73
78
75
79
85
54
123
24
35
26
17
8
8
12
11
7
15
5
5
57
32
28
25
54
50
61
71
70
64
71
43
120
42
32
19
19
11
9
12
9
13
11
7
10
60
36
27
21
50
29
69
53
62
65
59
42
93
53
33
12
12
21
22
11
8
9
8
14
14
44
30
21
21
65
36
52
72
62
66
75
54
77
36
28
22
9
21
9
5
16
4
11
13
4
47
27
24
15
42
21
57
54
58
51
62
41
72
26
23
11
10
14
11
8
10
8
3
5
11
60
18
18
9
47
14
41
42
47
53
74
42
55
25
24
23
23
10
18
12
14
10
13
6
6
40
16
14
9
23
10
43
40
37
46
67
38
55
27
27
20
17
10
11
6
6
9
9
10
8
41
22
12
5
30
20
42
53
50
51
60
51
68
34
28
13
13
9
15
11
9
5
9
6
9
40
18
15
10
28
32
43
46
48
54
52
36
53
40
25
24
11
7
9
12
13
8
8
8
7
44
28
16
17
38
20
32
57
48
48
67
39
46
36
29
22
9
10
12
10
9
10
11
15
8
51
23
19
9
37
18
42
47
38
31
49
45
55
41
31
27
18
14
7
6
9
5
15
11
8
48
22
26
17
37
23
53
51
45
44
50
47
50
31
25
16
10
11
10
14
10
10
6
4
5
38
23
27
12
41
32
42
45
38
55
67
50
36
24
26
16
14
14
7
10
11
5
6
6
5
39
12
17
16
41
23
53
44
44
41
59
40
43
33
22
18
10
2
9
12
5
4
4
7
5
38
14
13
8
27
19
43
34
21
37
42
25
34
25
28
17
9
11
15
7
4
5
6
8
5
49
18
14
8
28
19
34
38
32
46
48
29
54
26
29
12
15
8
0
4
7
9
2
5
7
32
13
16
9
29
9
36
40
31
50
50
34
37
22
21
15
7
8
6
8
4
5
8
10
8
31
20
10
12
31
16
37
36
33
36
33
23
34
32
19
18
8
6
13
8
7
9
3
9
3
40
14
12
21
42
22
38
43
31
40
33
32
38
29
24
16
15
7
7
7
5
7
9
7
3
39
15
13
20
38
26
48
38
49
50
50
40
44
19
21
11
9
7
9
11
1
8
4
6
3
42
22
13
12
28
19
35
38
31
36
44
36
38
21
25
12
6
2
7
6
6
9
3
2
5
30
13
11
9
21
18
50
32
35
41
38
17
23
27
18
18
10
6
8
8
5
3
3
7
3
34
14
6
12
16
14
40
28
40
32
43
37
31
37
22
16
6
8
3
6
7
2
7
2
3
27
5
6
9
19
9
39
52
39
36
41
24
42
27
19
24
8
10
4
3
4
1
4
0
5
21
6
7
8
22
19
39
28
19
49
36
30
31
28
18
7
7
6
9
3
1
5
2
7
2
18
15
11
11
18
16
33
34
27
29
32
28
31
20
10
7
8
8
0
5
4
4
5
8
2
20
14
6
6
15
10
29
27
21
30
26
22
25
29
15
12
7
5
7
3
3
4
3
2
3
21
8
5
5
13
18
23
30
23
27
40
23
38
27
20
7
14
6
8
8
6
10
6
4
6
24
18
8
9
28
14
26
44
37
36
33
25
37
20
20
12
12
7
6
8
10
3
6
9
4
29
9
21
7
24
16
45
43
39
41
45
25
38
22
26
13
11
10
11
8
10
6
5
9
4
29
9
12
7
35
15
46
45
38
47
39
27
42
39
30
22
9
8
12
17
12
6
9
4
11
34
22
12
12
33
31
51
46
41
50
62
41
44
30
28
23
14
9
6
8
8
10
9
10
8
28
17
19
8
33
23
58
39
41
40
61
33
34
31
29
19
9
12
7
10
8
7
6
4
3
27
16
5
8
22
14
51
45
52
46
67
35
53
40
30
18
14
8
11
13
9
5
6
8
5
26
16
17
16
30
16
41
54
54
51
60
42
48
29
25
26
10
9
14
11
10
3
5
7
5
29
21
20
12
29
15
56
60
53
56
75
51
72
35
34
21
9
13
11
10
7
6
9
11
9
36
16
18
18
25
24
64
63
54
63
66
52
38
34
23
19
22
4
8
16
12
9
6
5
0
52
18
16
21
37
32
70
65
48
67
64
50
56
28
22
24
19
12
8
12
10
7
5
11
10
53
27
22
15
43
19
73
64
63
59
76
49
52
44
43
20
18
9
16
10
22
11
11
6
6
55
19
23
25
50
26
58
63
59
60
73
45
53
36
50
26
22
16
14
13
8
12
4
8
4
29
22
27
16
63
25
51
65
59
53
56
41
73
36
31
27
11
9
13
8
8
13
5
5
8
51
23
29
20
76
53
52
64
100
84
85
46
93
49
25
23
14
20
9
15
7
7
5
9
3
35
27
11
18
102
42
68
79
107
116
103
77
92
31
36
22
16
9
29
16
12
6
9
9
3
47
23
32
24
79
37
64
76
106
103
68
70
95
44
38
30
18
10
9
12
13
9
6
12
11
46
25
18
22
51
36
84
101
128
128
120
70
132
30
34
14
12
11
13
12
11
8
4
7
10
39
23
16
14
41
30
89
82
106
119
159
112
106
34
29
10
11
10
8
9
6
6
11
6
5
46
20
21
22
42
27
70
75
80
113
96
101
61
32
30
21
15
14
5
8
10
8
7
7
4
59
35
31
23
70
34
68
76
85
100
108
95
79
37
25
22
14
10
13
10
11
10
13
13
15
57
46
23
26
79
56
79
91
103
95
92
104
104
36
35
20
17
10
7
9
10
9
11
11
5
59
34
33
24
83
49
71
96
115
108
110
109
77
29
27
20
16
15
10
25
8
10
10
6
4
65
31
32
21
55
44
87
129
122
148
148
104
113
33
31
25
20
9
18
10
12
9
13
7
6
69
27
24
24
55
25
79
104
115
127
129
124
143
27
22
22
13
14
10
18
17
17
12
5
11
59
29
19
14
51
34
92
91
105
118
127
147
137
44
16
24
15
13
12
13
9
6
10
8
9
51
36
34
21
59
28
87
85
91
124
131
94
121
33
35
22
17
17
16
14
12
7
18
12
6
71
24
26
14
48
41
69
79
100
99
127
122
155
35
32
11
18
24
19
11
11
12
10
6
8
52
30
27
17
60
30
84
95
110
89
133
140
178
38
22
21
19
9
16
12
13
7
9
10
11
45
29
23
21
55
22
73
78
89
99
113
109
140
31
26
25
9
16
18
13
14
11
10
11
4
59
32
16
16
43
21
38
78
67
88
124
118
105
23
23
24
17
17
12
11
7
5
7
8
9
49
24
19
11
24
25
67
68
76
103
121
121
149
32
33
19
10
10
10
6
13
9
4
5
3
36
28
15
8
34
18
81
70
65
97
106
122
91
26
20
18
10
8
12
7
7
7
7
5
7
53
23
15
22
40
15
61
64
53
67
96
89
60
27
28
12
8
9
5
8
11
10
7
7
4
43
25
23
10
34
26
50
51
67
75
104
72
70
18
34
11
18
16
20
9
7
6
7
7
6
41
24
14
9
39
21
43
41
55
80
81
70
78
26
31
25
7
15
12
14
9
11
5
7
7
47
22
14
13
50
26
69
71
64
66
80
82
53
26
17
13
12
13
14
10
10
9
3
9
7
31
17
19
11
35
16
56
54
55
75
70
81
41
32
25
17
16
5
11
9
6
5
7
3
6
25
23
8
12
27
19
44
52
68
66
79
85
48
26
21
7
15
10
7
12
8
10
12
9
3
32
16
13
6
33
25
39
50
62
76
79
78
47
28
24
23
18
11
5
4
8
7
7
4
2
39
11
11
12
25
20
50
50
65
69
66
63
49
21
22
21
8
9
9
12
8
8
7
4
3
34
18
13
11
34
16
62
44
51
65
93
84
55
26
14
14
9
10
12
7
12
4
3
8
4
36
11
16
13
27
16
47
52
42
56
66
74
47
19
15
16
10
7
8
6
9
2
6
5
8
41
21
15
16
38
19
41
42
51
48
68
78
52
33
21
13
13
9
7
5
9
3
4
7
1
26
18
16
15
22
26
58
45
55
68
67
65
56
25
29
12
8
11
6
5
13
3
4
3
4
32
30
13
8
31
17
44
49
47
46
82
68
31
30
19
11
10
9
5
5
9
8
5
6
3
32
17
12
8
32
20
37
50
36
64
74
62
47
33
20
18
12
5
4
4
4
1
10
4
5
36
12
15
9
26
18
38
47
50
56
59
34
49
39
18
15
11
3
7
7
9
5
2
6
4
27
15
8
6
28
10
35
42
32
47
55
48
33
25
23
10
12
6
5
2
4
5
4
4
4
18
15
6
6
36
9
55
40
51
50
75
49
23
21
16
13
5
13
7
3
5
4
4
6
0
30
16
10
4
15
16
51
30
35
48
62
41
28
20
8
15
11
7
8
4
4
5
5
5
2
19
7
6
3
14
13
41
33
34
42
53
47
39
16
18
11
3
6
5
5
6
3
0
5
6
25
14
8
6
23
14
35
43
30
50
47
37
37
18
15
21
7
7
6
3
4
4
6
2
2
28
23
9
8
29
20
46
35
35
53
43
43
26
28
31
17
18
9
8
8
13
10
9
7
11
36
19
17
18
28
30
61
56
55
52
65
69
44
23
32
21
12
8
11
11
8
10
8
6
4
42
21
11
17
40
22
64
53
47
63
61
60
31
34
45
17
12
12
9
7
11
7
9
9
7
44
20
18
10
38
28
50
52
57
77
66
70
35
26
38
8
14
13
8
8
4
9
7
7
4
48
18
16
11
30
24
59
53
62
65
75
67
60
29
38
14
12
5
5
7
12
10
3
5
4
37
16
14
11
25
19
66
70
65
68
65
88
46
38
26
17
17
17
7
12
8
8
14
16
3
46
15
23
15
43
36
55
67
63
82
81
78
45
29
34
13
11
13
9
3
8
13
11
7
5
52
15
15
19
37
12
57
54
62
79
91
81
57
49
37
18
13
8
6
8
6
7
7
10
7
49
25
19
15
38
16
71
72
77
60
83
77
64
35
40
15
3
7
11
10
9
9
9
8
4
44
29
25
12
39
31
72
52
68
57
80
75
56
27
29
29
14
10
15
12
8
7
5
6
6
61
22
17
21
55
26
68
57
63
77
86
75
57
39
40
27
12
14
14
11
4
7
8
8
8
63
21
21
11
47
22
61
56
68
71
85
89
59
40
39
21
17
13
13
7
13
7
5
3
5
45
23
19
14
39
23
69
57
76
81
94
85
49
40
33
31
20
17
8
10
6
13
4
3
4
51
28
15
12
40
24
70
81
66
92
93
78
76
41
47
27
19
21
10
4
10
13
7
4
9
48
30
22
11
45
22
60
74
77
89
102
97
79
44
37
27
8
13
13
9
10
6
4
7
6
33
20
17
8
29
17
43
42
54
54
66
90
67
60
38
22
14
15
9
9
5
7
6
4
6
48
21
17
14
42
29
60
83
78
113
129
120
89
46
31
29
13
11
13
2
3
9
6
7
4
42
18
15
14
38
19
66
89
96
108
122
113
79
28
16
16
14
6
12
3
13
6
2
7
1
41
13
20
10
36
27
65
84
71
94
113
99
56
32
20
16
18
9
10
6
13
9
3
7
9
37
20
18
13
51
32
78
90
94
98
105
98
71
25
26
17
9
11
11
8
11
11
5
4
7
41
27
22
18
44
32
78
102
69
93
115
96
64
36
27
12
19
18
7
9
5
6
5
10
6
34
30
25
23
43
27
86
97
101
101
98
87
66
43
27
16
12
10
11
5
8
4
6
8
2
35
25
15
14
47
26
90
89
111
102
124
111
90
60
21
23
19
7
13
5
5
2
5
9
5
64
19
29
22
27
31
63
128
113
105
122
124
101
37
27
23
13
10
7
15
7
5
13
7
5
56
23
25
13
33
24
85
99
121
117
122
115
114
26
27
15
10
8
12
7
5
9
10
4
2
45
16
17
8
41
29
69
109
108
134
114
103
99
32
21
14
15
13
8
3
8
9
7
10
6
40
32
23
14
51
26
52
86
107
98
124
109
81
37
23
16
11
11
11
16
13
8
9
10
3
50
28
15
14
57
20
66
99
105
113
135
113
88
33
25
15
14
7
8
11
11
11
8
6
7
53
38
17
26
42
25
83
100
85
100
110
102
94
23
33
11
8
17
9
10
8
7
8
10
6
53
26
29
17
34
19
65
94
85
97
96
117
73
32
35
14
12
22
15
9
7
6
8
14
5
52
25
16
13
32
14
51
91
69
82
115
99
73
25
21
15
12
9
10
9
7
10
9
4
7
42
19
14
10
21
18
46
56
52
66
80
90
61
21
20
19
16
13
13
11
4
6
4
7
6
39
14
22
9
26
19
37
64
59
75
93
76
57
34
18
10
9
6
8
6
9
6
5
6
8
40
16
11
13
24
24
62
51
80
73
82
73
65
19
20
16
6
10
7
8
9
4
8
8
4
45
22
15
17
35
18
44
57
47
80
72
68
56
25
26
17
12
9
7
8
9
10
5
7
7
47
20
9
13
34
14
58
61
57
62
92
73
72
23
35
11
8
14
11
7
8
5
6
6
5
39
31
13
16
26
25
49
52
55
52
79
67
58
32
18
16
14
10
6
8
8
6
7
3
6
37
20
19
9
28
17
35
52
43
61
67
65
38
23
14
17
13
10
9
10
9
8
8
4
4
52
24
18
10
33
12
50
66
52
61
51
74
46
27
17
13
4
10
6
6
6
11
4
8
3
33
21
12
16
26
20
47
42
56
52
71
61
36
26
22
12
8
2
3
7
6
9
5
8
4
31
16
13
11
29
12
32
38
42
64
58
64
38
22
17
16
11
3
8
5
6
5
6
6
2
32
12
24
13
39
13
40
51
39
56
68
51
38
19
18
13
14
9
8
6
5
5
4
3
3
38
19
14
15
28
16
29
48
49
43
67
55
24
21
20
18
16
13
5
10
5
7
2
3
4
38
27
22
17
37
24
47
57
44
62
68
51
40
22
25
12
12
3
4
8
3
6
4
4
4
45
18
12
7
39
22
42
52
53
49
78
55
54
20
14
13
10
7
12
7
8
3
3
8
7
24
17
8
11
33
24
39
38
45
44
48
59
30
18
16
12
6
5
4
4
5
8
8
7
4
27
12
13
7
20
9
39
34
32
43
60
50
36
21
17
3
6
6
3
8
3
6
3
5
4
24
8
9
6
17
10
34
38
41
39
59
51
26
23
18
15
6
5
4
5
4
2
2
1
1
27
12
10
6
13
21
37
42
37
51
54
57
40
19
12
8
3
6
6
5
3
4
2
0
1
27
13
8
9
16
18
34
30
30
51
63
46
23
24
12
9
8
5
6
3
3
3
1
3
2
20
12
7
7
20
9
24
31
27
46
55
38
22
17
11
14
5
2
11
6
2
8
5
4
1
23
11
5
7
21
13
44
37
37
49
55
50
37
19
21
11
11
8
6
6
5
3
8
7
5
36
17
15
9
29
7
41
53
51
61
52
56
40
22
21
16
9
3
2
12
5
13
10
7
5
40
23
13
13
32
18
44
62
54
52
69
57
40
31
22
19
9
8
14
8
6
6
4
9
5
44
19
14
15
47
20
61
60
59
49
48
56
43
41
20
16
16
8
3
13
7
9
2
4
4
35
21
17
11
24
24
48
54
55
67
80
61
51
30
21
13
7
7
9
7
5
6
8
7
2
42
17
14
16
40
26
62
59
60
64
93
62
43
35
20
19
16
5
9
5
8
10
6
8
4
36
17
18
12
41
24
76
68
64
81
78
77
58
40
25
21
12
7
10
9
8
3
5
5
2
51
19
18
13
33
19
62
85
79
71
95
71
55
30
28
20
18
12
9
7
8
6
10
9
8
34
17
16
19
34
27
55
61
57
63
92
81
33
49
37
28
13
14
8
6
4
7
4
9
4
60
22
22
18
46
18
65
77
68
78
94
67
56
33
27
20
15
12
7
5
11
8
7
6
4
72
23
17
24
40
27
52
63
70
75
84
81
74
25
54
20
15
10
10
11
9
13
9
8
7
40
17
20
14
52
21
48
52
67
66
79
80
63
42
32
41
14
17
20
19
11
8
13
11
6
44
30
17
22
57
24
67
61
60
74
89
77
57
37
41
30
11
11
8
9
8
8
8
5
6
34
20
23
17
41
30
75
91
73
83
119
84
65
44
34
31
20
21
15
12
12
12
7
9
10
48
28
13
17
72
38
88
110
85
132
157
116
109
64
55
38
14
12
13
12
8
7
7
11
15
55
28
26
17
75
53
107
146
152
169
188
207
258
46
39
33
13
14
7
8
14
3
8
8
8
56
30
19
14
56
30
89
100
125
152
190
181
262
58
43
42
26
14
16
11
10
6
5
9
9
49
25
16
14
39
32
111
143
150
181
234
256
465
47
29
30
25
9
14
10
11
6
9
8
8
48
39
18
18
48
34
147
188
184
256
292
328
538
42
18
24
12
16
14
5
13
7
6
4
6
46
25
23
19
54
29
100
150
129
202
214
246
430
39
26
26
17
16
14
12
7
6
8
6
6
53
22
23
23
60
38
103
132
118
145
192
205
330
45
34
22
18
12
7
10
10
5
6
6
4
58
51
32
24
56
47
114
166
139
175
210
201
272
41
24
19
26
13
17
6
10
4
8
8
8
56
29
32
25
65
40
100
124
135
144
176
154
204
30
20
15
13
8
15
6
8
8
9
9
6
65
23
30
20
41
38
88
134
139
159
177
182
216
45
29
23
22
18
12
10
13
6
9
10
14
62
34
34
16
51
32
112
127
130
158
222
196
260
40
31
13
10
13
16
10
15
10
10
11
4
60
29
27
15
51
30
89
112
138
171
185
171
191
46
32
22
26
14
16
13
7
9
4
7
6
65
26
23
23
54
21
104
111
103
149
182
163
224
35
40
21
17
26
11
13
8
13
11
7
9
49
43
30
16
61
23
90
101
133
157
188
174
190
46
33
21
18
13
12
13
11
8
4
9
8
62
31
23
22
45
38
92
96
116
154
160
156
195
30
33
23
20
15
16
13
14
7
5
7
7
66
54
27
20
71
26
73
126
99
148
177
164
147
33
19
17
14
14
11
15
13
7
5
10
7
65
28
16
14
38
21
86
88
93
134
135
119
114
44
29
21
22
11
11
14
13
8
5
6
4
38
19
16
13
33
21
80
86
99
139
139
147
146
23
29
18
9
8
10
15
7
9
7
5
6
56
28
12
15
35
16
54
80
114
136
146
137
111
28
20
20
16
15
11
8
13
11
4
4
5
35
25
14
17
35
22
75
76
92
122
126
135
122
37
22
11
6
13
14
4
14
5
7
8
6
31
28
17
10
38
29
73
85
79
103
126
130
93
23
20
18
9
6
8
8
8
3
4
6
2
39
18
22
9
34
19
58
66
73
94
107
139
87
31
23
21
11
13
11
14
12
9
11
9
7
45
31
23
6
45
24
57
100
82
94
121
128
125
37
26
14
19
14
11
14
9
8
5
6
6
30
24
14
15
57
24
63
77
77
101
127
112
94
29
31
16
5
11
10
6
18
10
3
7
8
41
17
15
17
33
23
57
68
66
70
103
94
89
20
24
18
8
10
12
7
10
5
10
5
7
28
20
16
19
40
28
63
56
73
76
128
111
87
25
16
16
10
13
14
8
9
7
1
7
4
38
24
17
9
29
30
59
89
79
95
115
100
72
27
24
11
10
11
11
7
5
6
6
6
4
37
20
13
12
41
24
51
50
74
91
104
97
59
23
28
17
11
5
3
15
3
6
4
7
1
43
23
17
15
50
12
50
72
70
88
105
82
73
34
24
11
9
6
10
4
8
9
4
2
1
34
17
14
6
38
25
57
49
60
66
66
57
49
18
21
13
3
7
6
6
6
5
2
5
3
41
15
13
11
33
22
47
66
64
65
77
91
66
21
13
16
7
7
5
3
8
6
7
5
2
27
22
9
14
33
20
58
46
56
65
86
83
56
40
17
13
12
11
6
10
8
5
1
3
5
31
17
10
12
31
23
52
63
70
66
94
79
67
19
23
10
12
6
6
7
7
4
2
4
4
18
16
13
6
24
15
51
55
41
81
84
64
64
23
18
4
5
13
10
5
3
5
6
3
5
22
20
10
10
30
14
54
48
32
63
65
68
52
19
29
7
6
7
2
5
3
6
6
5
3
33
9
9
10
21
20
44
46
47
65
83
78
50
24
8
17
8
7
4
4
7
3
2
4
5
41
9
9
7
21
12
46
61
56
58
75
67
51
14
22
14
5
5
8
2
3
2
6
2
4
25
20
10
9
25
21
55
43
53
75
82
85
45
21
10
5
6
5
5
3
2
7
2
9
3
21
14
8
8
11
21
45
48
53
80
70
68
56
19
22
9
13
8
6
9
9
5
6
7
1
33
18
13
4
32
26
61
68
62
90
90
76
64
27
19
15
14
11
12
8
10
5
8
10
5
52
16
20
16
54
11
59
59
62
95
99
79
60
23
25
13
14
3
11
8
10
2
10
11
4
39
29
11
12
42
19
58
52
51
87
100
74
75
20
20
12
10
10
7
11
9
5
7
2
8
40
23
11
16
27
27
67
80
63
85
97
77
89
33
20
13
9
10
14
9
6
5
9
9
4
49
21
15
9
35
25
54
76
75
94
132
105
87
31
20
25
12
12
11
9
9
8
9
7
6
41
30
16
27
37
29
73
79
76
107
134
100
116
24
35
20
14
15
10
11
7
5
6
5
9
46
16
15
19
38
20
63
86
88
91
130
123
107
38
41
11
23
10
16
6
9
5
13
10
10
52
20
19
15
43
20
96
75
74
100
133
123
108
34
25
18
17
16
11
8
10
6
8
9
6
51
21
20
13
47
23
90
95
91
106
130
115
120
45
34
24
8
13
11
12
11
8
8
5
4
53
33
17
11
25
31
70
91
80
100
112
113
98
40
45
22
22
19
9
11
8
8
4
8
4
51
33
32
21
51
18
68
84
82
97
126
124
104
51
40
26
20
15
11
14
13
14
6
15
10
47
37
18
19
60
32
84
126
108
100
119
141
114
42
53
22
16
16
13
12
8
18
12
6
10
69
34
20
18
57
24
77
104
118
120
120
109
105
36
39
31
16
12
11
12
12
8
10
6
6
59
25
23
19
52
41
92
114
85
136
154
132
132
39
41
21
19
16
14
13
13
7
6
9
5
50
37
20
21
74
35
104
116
136
136
164
144
143
33
35
30
12
15
14
14
12
7
10
9
9
50
27
14
17
40
29
87
105
95
119
143
138
126
34
43
23
13
19
12
13
13
5
8
9
5
49
31
15
19
41
30
90
111
123
156
171
178
202
58
36
37
19
16
11
7
11
5
15
9
5
54
28
25
18
50
31
109
178
156
185
229
226
217
50
24
14
12
18
12
7
14
4
10
13
7
49
24
27
21
58
37
106
137
143
168
184
214
185
38
33
24
18
9
11
15
8
9
11
8
13
54
34
27
23
79
41
97
167
163
183
228
199
214
33
34
35
12
20
15
13
9
10
13
16
11
75
57
43
20
84
56
126
199
164
195
246
222
203
38
39
23
11
16
16
14
14
11
12
10
10
102
39
32
43
111
59
155
235
223
254
281
262
262
45
38
20
23
22
15
18
11
3
4
12
15
84
48
37
39
74
37
147
198
215
241
267
234
256
49
47
27
21
19
13
8
13
13
12
14
14
87
48
32
34
96
47
144
203
243
233
274
255
253
29
30
19
14
14
13
14
11
21
10
11
9
82
47
27
26
74
24
162
208
235
261
290
301
292
21
23
12
18
9
16
11
8
16
7
8
5
79
43
37
30
72
44
178
227
211
260
292
281
283
42
34
16
12
14
17
10
11
11
16
8
7
70
41
33
32
101
63
150
230
214
269
284
293
302
38
25
26
22
20
22
12
13
12
6
10
12
78
54
26
27
101
67
197
248
231
289
296
292
302
36
35
19
14
15
14
20
13
15
13
5
15
73
45
49
33
119
54
160
284
201
235
269
307
312
19
19
14
17
12
13
14
12
9
17
7
17
84
46
40
37
92
36
169
272
215
254
299
337
339
31
33
23
16
17
14
14
12
10
11
17
13
58
21
26
31
56
32
118
198
167
219
223
271
333
38
33
22
9
9
13
12
12
11
8
10
9
69
38
21
22
51
31
115
172
140
171
193
224
245
20
30
15
9
10
11
7
9
8
10
6
5
56
25
23
18
47
29
92
149
120
154
210
188
214
34
29
12
14
8
14
14
13
14
7
5
14
83
31
25
14
62
41
96
126
107
151
147
188
154
34
25
11
11
21
13
10
8
10
11
9
8
71
37
26
19
45
33
92
134
103
106
151
149
125
45
42
22
16
10
9
8
7
13
9
7
9
71
27
27
19
74
31
83
137
103
137
140
153
157
56
40
23
9
19
12
5
9
8
6
12
9
53
28
23
23
60
27
78
94
93
111
132
176
99
45
36
18
11
14
12
10
10
10
3
8
11
58
31
23
25
61
25
57
101
109
123
118
155
114
39
41
21
13
13
14
11
9
10
9
8
10
41
28
21
21
37
22
54
85
65
100
91
122
126
27
42
21
20
13
14
11
11
11
4
16
7
53
29
21
17
44
20
69
87
81
85
107
132
114
44
27
12
12
12
17
8
13
3
6
7
9
57
28
22
19
49
30
79
98
80
100
126
127
140
42
34
22
15
12
8
5
7
10
9
8
13
56
22
18
19
52
37
68
88
87
100
132
130
121
22
41
19
12
18
10
11
12
10
4
5
10
52
27
21
17
65
35
58
96
81
92
110
130
125
48
29
23
17
16
15
7
10
7
9
4
8
65
31
29
23
56
37
78
99
102
120
118
146
120
46
32
28
22
8
15
7
5
5
14
10
9
48
27
28
19
67
34
88
118
102
134
135
137
125
45
30
22
13
9
9
7
6
5
10
6
10
63
34
33
25
62
28
86
101
74
110
119
130
118
44
33
21
12
10
8
5
8
9
2
7
9
54
23
24
11
33
24
80
90
86
91
121
113
88
37
30
20
13
15
11
5
5
4
7
4
2
40
29
16
15
42
26
70
72
82
75
109
94
91
25
35
7
12
8
10
9
6
3
6
6
6
31
16
17
10
38
21
65
82
86
91
122
109
85
31
26
24
5
8
5
5
7
8
4
1
6
37
14
16
12
26
12
59
89
75
71
87
117
73
30
24
26
10
8
7
3
5
7
2
2
6
49
12
13
9
36
27
74
76
76
85
97
97
70
27
23
25
14
6
6
10
6
4
3
6
4
38
16
10
16
24
31
66
86
68
79
114
95
79
37
19
10
7
9
9
6
8
3
8
5
5
28
15
13
14
35
17
68
81
73
98
98
99
63
29
26
12
16
4
5
4
6
9
4
7
6
39
21
14
19
34
28
74
70
58
88
105
86
74
30
20
18
6
13
8
14
15
13
10
5
6
47
24
10
25
45
23
85
73
62
78
115
110
77
35
22
17
9
11
14
5
8
15
8
7
9
34
20
13
17
34
35
82
70
71
92
101
95
109
38
18
25
13
12
8
6
9
7
8
6
5
57
24
27
12
43
40
94
93
97
114
117
123
96
29
26
17
11
5
7
5
12
5
9
4
6
50
10
17
18
49
20
86
87
77
105
146
147
110
34
24
18
5
12
17
11
7
8
5
13
12
61
15
18
18
48
28
69
89
88
116
133
151
174
41
50
15
20
13
10
11
7
11
12
10
7
67
22
23
16
44
16
78
91
113
139
160
180
154
60
28
26
4
14
9
6
12
5
11
6
0
60
27
16
17
44
29
96
104
116
145
158
161
152
42
22
15
12
9
8
7
14
8
13
5
3
50
16
28
11
43
32
102
100
116
144
170
198
149
41
31
25
17
8
13
11
6
7
6
4
7
61
28
13
17
50
37
110
134
101
142
151
174
188
30
45
23
18
9
7
12
8
8
5
6
5
52
24
25
18
39
33
97
110
128
162
152
186
176
41
31
29
17
12
9
9
12
7
7
8
8
49
27
15
16
62
35
101
108
103
146
163
180
189
47
30
16
15
12
12
6
7
13
11
6
5
46
29
22
13
52
45
85
113
106
156
177
178
218
38
30
23
17
11
10
5
8
7
9
9
5
57
26
19
21
43
47
101
125
124
140
187
247
251
31
31
26
17
8
16
5
9
9
6
11
4
47
21
21
16
49
35
113
120
148
197
184
261
335
40
39
18
12
10
12
9
6
8
6
6
8
46
22
13
12
43
28
107
141
111
187
231
294
535
50
27
27
20
13
15
14
4
6
5
6
8
60
35
16
13
48
39
142
160
167
254
294
402
738
24
19
16
10
16
10
5
10
12
10
3
10
47
18
22
26
55
36
145
200
189
242
291
406
913
33
22
15
15
11
7
13
12
9
9
4
3
68
38
34
29
71
48
159
175
179
228
291
362
749
35
29
26
12
7
11
6
12
12
7
8
10
54
28
31
32
70
67
135
188
160
222
270
351
678
28
25
23
18
10
9
18
7
9
6
14
7
83
46
23
31
74
48
158
169
186
252
296
353
701
35
35
24
16
11
17
16
7
12
13
16
5
71
29
22
18
61
50
137
148
155
216
269
340
560
26
39
19
17
13
16
13
7
9
14
11
10
62
34
34
25
78
28
126
151
155
193
228
296
477
28
35
17
14
11
11
17
14
8
12
12
9
65
37
21
24
49
41
106
159
130
193
221
278
466
32
29
22
13
11
15
11
10
15
8
17
9
49
29
23
25
63
24
88
114
107
180
194
219
326
23
23
14
8
11
14
12
3
12
9
7
8
58
27
21
27
63
30
97
122
101
161
181
202
232
19
35
13
11
7
5
13
6
13
8
6
10
59
36
32
24
62
28
82
104
123
125
156
197
217
27
33
16
9
13
8
10
8
6
14
14
6
62
32
24
17
65
30
76
108
102
122
155
156
177
22
21
17
10
12
7
5
7
6
4
4
6
48
34
17
16
40
28
56
70
63
81
109
110
168
29
39
27
16
14
11
14
14
19
17
16
16
76
39
29
29
73
38
105
117
123
167
200
193
246
33
28
15
13
10
9
5
10
6
5
2
8
52
28
24
13
51
26
87
116
80
105
137
156
182
41
21
9
6
5
8
4
8
3
9
11
4
55
21
8
14
44
28
67
77
74
101
119
142
150
42
30
14
17
12
5
4
8
9
5
5
4
39
12
21
18
37
31
68
101
95
99
107
127
157
31
27
11
9
6
14
9
11
8
12
4
7
49
17
15
16
39
33
70
92
75
98
109
133
131
21
29
20
10
11
7
8
7
3
8
5
7
53
19
8
11
54
30
83
92
82
109
113
141
129
30
34
17
8
9
9
8
7
11
2
7
4
35
23
27
19
58
19
88
94
78
137
137
133
138
32
30
22
10
9
7
3
7
7
8
13
7
44
24
24
9
45
31
79
83
89
104
150
153
135