1.079646017699115
0.7846607669616519
0.8702064896755162
1.0294985250737463
0.7905604719764012
1.
0.887905604719764
1.3958762886597937
0.9876288659793815
1.041237113402062
1.1175257731958763
0.8742268041237113
1.
1.041237113402062
1.391044776119403
0.991044776119403
1.0805970149253732
1.035820895522388
0.8417910447761194
1.
1.0925373134328358
1.3141592920353982
0.9026548672566371
1.1415929203539823
1.0442477876106195
0.8495575221238938
1.
0.8893805309734514
1.5337837837837838
1.1418918918918919
1.2905405405405406
1.0810810810810811
0.918918918918919
1.
1.1756756756756757
1.5035971223021583
1.158273381294964
1.1510791366906474
1.079136690647482
0.7194244604316546
1.
1.0359712230215827
1.4871794871794872
1.2478632478632479
1.1452991452991452
1.0512820512820513
0.9401709401709402
1.
1.0683760683760684
1.2916666666666667
0.9083333333333333
0.9916666666666667
0.7916666666666666
0.7083333333333334
1.
0.8
1.6923076923076923
1.3076923076923077
1.2564102564102564
1.205128205128205
0.8205128205128205
1.
1.1153846153846154
1.8591549295774648
1.4929577464788732
1.3943661971830985
1.1830985915492958
1.0704225352112675
1.
1.2394366197183098
1.0769230769230769
0.8461538461538461
0.7802197802197802
0.7252747252747253
0.7802197802197802
1.
0.8571428571428571
1.3623188405797102
1.1014492753623188
0.9855072463768116
1.0144927536231885
0.855072463768116
1.
0.9855072463768116
1.575242718446602
1.0072815533980584
0.8713592233009708
0.9684466019417476
0.8300970873786407
1.
1.0339805825242718
1.8992248062015504
1.0465116279069768
1.1472868217054264
1.1085271317829457
0.8294573643410853
1.
1.3333333333333333
1.3409090909090908
1.0113636363636365
1.1363636363636365
1.0795454545454546
0.7840909090909091
1.
1.1590909090909092
1.2222222222222223
0.8888888888888888
0.8333333333333334
1.0185185185185186
0.8888888888888888
1.
1.0185185185185186
1.1785714285714286
0.75
0.9880952380952381
0.8690476190476191
0.8333333333333334
1.
1.1666666666666667
1.3243243243243243
0.8378378378378378
0.8648648648648649
0.5675675675675675
0.8108108108108109
1.
1.1891891891891893
1.8421052631578947
0.7894736842105263
1.1754385964912282
1.105263157894737
0.9122807017543859
1.
1.7543859649122806
1.3194444444444444
0.6666666666666666
0.8472222222222222
0.9305555555555556
0.9722222222222222
1.
1.4166666666666667
0.8823529411764706
0.5
0.7450980392156863
0.8627450980392157
0.7941176470588235
1.
1.2549019607843137
0.6870748299319728
0.5374149659863946
0.6054421768707483
0.673469387755102
0.9931972789115646
1.
1.4557823129251701
0.7439613526570048
0.4251207729468599
0.7632850241545893
0.8309178743961353
0.8067632850241546
1.
1.5265700483091786
0.5515695067264574
0.2825112107623318
0.3811659192825112
0.6412556053811659
0.7219730941704036
1.
1.5560538116591929
0.6428571428571429
0.41517857142857145
0.48214285714285715
0.5133928571428571
0.9017857142857143
1.
2.5580357142857144