0
0.03287671232876712
0.03287671232876712
0.03287671232876712
0.03287671232876712
0.03287671232876712
0.03287671232876712
0.03287671232876712
0.03287671232876712
0.03287671232876712
0.03287671232876712
0.03287671232876712
0.03287671232876712
0.0027397260273972603
0.0027397260273972603
0.0027397260273972603
0.0027397260273972603
0.000547945205479452
0.000547945205479452
0.000273972602739726
0.000273972602739726
0.000273972602739726
0.000273972602739726
0.000273972602739726
0.000273972602739726
0.00023859815570420752