0.003480073881464772
0.002272529683961926
0.000663219895198194
0.000663219895198194
0.000663219895198194
0.000663219895198194
0.000021340713859833796
0.000021340713859833796
0.000021340713859833796
0.
0.
0.
0
0
0
0
0
0
0
0
0
0
0
0
0
0.038
0.038
0.038
0.038
0.038
0.038
0.038
0.038
0.038
0.038
0.038
0.038
0
0
0
0
0
0
0
0
0
0
0
0
0
0.9585199261185353
0.9597274703160382
0.9613367801048018
0.9613367801048018
0.9613367801048018
0.9613367801048018
0.9619786592861401
0.9619786592861401
0.9619786592861401
0.962
0.962
0.962
1
1
1
1
1
1
1
1
1
1
1
1
1