 0.166      0      0      0      0      0      0      0      0      0      0      0      0      0      0      0      0      0      0      0      0      0      0      0      0
     0  0.006      0      0      0      0      0      0      0      0      0      0      0      0      0      0      0      0      0      0      0      0      0      0      0
     0      0  0.018      0      0      0      0      0      0      0      0      0      0      0      0      0      0      0      0      0      0      0      0      0      0
     0      0      0 0.0005      0      0      0      0      0      0      0      0      0      0      0      0      0      0      0      0      0      0      0      0      0
     0      0      0      0 0.0005      0      0      0      0      0      0      0      0      0      0      0      0      0      0      0      0      0      0      0      0
     0      0      0      0      0  0.305      0      0      0      0      0      0      0      0      0      0      0      0      0      0      0      0      0      0      0
     0      0      0      0      0      0  0.001      0      0      0      0      0      0      0      0      0      0      0      0      0      0      0      0      0      0
     0      0      0      0      0      0      0  0.001      0      0      0      0      0      0      0      0      0      0      0      0      0      0      0      0      0
     0      0      0      0      0      0      0      0  0.001      0      0      0      0      0      0      0      0      0      0      0      0      0      0      0      0
     0      0      0      0      0      0      0      0      0  0.001      0      0      0      0      0      0      0      0      0      0      0      0      0      0      0
     0      0      0      0      0      0      0      0      0      0 0.0009      0      0      0      0      0      0      0      0      0      0      0      0      0      0
     0      0      0      0      0      0      0      0      0      0      0  0.001      0      0      0      0      0      0      0      0      0      0      0      0      0
     0      0      0      0      0      0      0      0      0      0      0      0  0.001      0      0      0      0      0      0      0      0      0      0      0      0
     0      0      0      0      0      0      0      0      0      0      0      0      0  0.001      0      0      0      0      0      0      0      0      0      0      0
     0      0      0      0      0      0      0      0      0      0      0      0      0      0  0.001      0      0      0      0      0      0      0      0      0      0
     0      0      0      0      0      0      0      0      0      0      0      0      0      0      0 0.0001      0      0      0      0      0      0      0      0      0
     0      0      0      0      0      0      0      0      0      0      0      0      0      0      0      0  0.001      0      0      0      0      0      0      0      0
     0      0      0      0      0      0      0      0      0      0      0      0      0      0      0      0      0  0.002      0      0      0      0      0      0      0
     0      0      0      0      0      0      0      0      0      0      0      0      0      0      0      0      0      0   0.02      0      0      0      0      0      0
     0      0      0      0      0      0      0      0      0      0      0      0      0      0      0      0      0      0      0   0.02      0      0      0      0      0
     0      0      0      0      0      0      0      0      0      0      0      0      0      0      0      0      0      0      0      0  0.001      0      0      0      0
     0      0      0      0      0      0      0      0      0      0      0      0      0      0      0      0      0      0      0      0      0  0.001      0      0      0
     0      0      0      0      0      0      0      0      0      0      0      0      0      0      0      0      0      0      0      0      0      0  0.001      0      0
     0      0      0      0      0      0      0      0      0      0      0      0      0      0      0      0      0      0      0      0      0      0      0  0.001      0
     0      0      0      0      0      0      0      0      0      0      0      0      0      0      0      0      0      0      0      0      0      0      0      0  0.001
     50.6957    0.0310054     0.880015    0.0604638   -0.0776253     -1.20083    0.0671364   0.00962677   -0.0632126    -0.206729    -0.056242   -0.0792323   -0.0106203    0.0421842   0.00442765   -0.0056196 -0.000985516  -0.00750898    0.0511827  -0.00234304 -2.74775e-06 -1.49879e-05   -0.0593102     0.199664   -0.0110497
   0.0310054    0.0356788   -0.0337012 -0.000505264 -0.000665331  -0.00927635  -0.00399706  -0.00209889   0.00268586   0.00444783   0.00527087  0.000377906  0.000271736  0.000320594  2.16715e-05  0.000374333  0.000249612  0.000460231 -0.000622762  5.92988e-05 -8.12161e-08  -6.0886e-07 -0.000663802   0.00154004 -0.000549802
    0.880015   -0.0337012     0.162711 -0.000610809  -0.00883433    0.0843752    0.0101591   0.00133196  -0.00596742   -0.0118843   -0.0134427  -0.00305855   0.00295578  0.000865553 -8.73546e-05 -0.000678274 -0.000430621 -0.000813536   0.00415291 -0.000418858 -2.21028e-07  1.97365e-07   0.00342271  -0.00871105 -0.000483064
   0.0604638 -0.000505264 -0.000610809  0.000408138  -0.00013467   0.00337514  0.000249868  4.05102e-05 -0.000105144  7.85974e-05  0.000260026 -0.000300972   0.00034292 -6.48909e-05 -1.17276e-06 -1.98045e-05   6.7906e-06  1.35383e-05 -3.66567e-05  1.66182e-05   1.3771e-09 -1.48982e-08  0.000309006 -2.89468e-05 -1.16421e-05
  -0.0776253 -0.000665331  -0.00883433  -0.00013467   0.00170501    0.0246428 -0.000367777  0.000144485 -0.000470377 -0.000102986 -0.000342496  0.000116997 -0.000434984  8.63928e-05 -4.75762e-05  -1.0754e-05 -4.93069e-05 -0.000122973  5.78075e-05 -1.66299e-05  3.31311e-08  5.62489e-08 -0.000175374   0.00148112 -6.87607e-06
    -1.20083  -0.00927635    0.0843752   0.00337514    0.0246428      5.43695   0.00612042  0.000958607   -0.0332898   -0.0424449   -0.0216479  -0.00269201    0.0205427  -0.00673031  -0.00296485  -0.00209692  -0.00264275  -0.00332266   0.00414059  9.97572e-05  8.31444e-07  1.48854e-06   0.00488341    0.0306997  -0.00396807
   0.0671364  -0.00399706    0.0101591  0.000249868 -0.000367777   0.00612042   0.00149654  0.000742467 -0.000732982  -0.00108537  -0.00082823 -0.000461843  0.000619664 -9.57804e-05 -6.52726e-05 -8.20468e-05 -5.50793e-05 -0.000208669  0.000382065 -2.68083e-05 -3.55452e-10  4.51119e-08   0.00115146  -0.00147619 -8.73736e-06
  0.00962677  -0.00209889   0.00133196  4.05102e-05  0.000144485  0.000958607  0.000742467   0.00118167  -0.00048631  -0.00121305 -0.000213446  1.53159e-05  8.01146e-05 -0.000113837 -7.06227e-05 -3.75601e-05 -4.79761e-05 -0.000207267  0.000208511 -7.60286e-06  2.10803e-08  4.52472e-08  0.000772261  -0.00101733  7.26394e-05
  -0.0632126   0.00268586  -0.00596742 -0.000105144 -0.000470377   -0.0332898 -0.000732982  -0.00048631   0.00137646   0.00132346   0.00103665    0.0003494  -3.8641e-05 -0.000120233  8.34233e-05  8.68469e-05  8.52377e-05   0.00020615 -0.000466877  4.02922e-05 -1.10297e-08 -6.74133e-08 -0.000648084 -8.93581e-05  4.39208e-05
   -0.206729   0.00444783   -0.0118843  7.85974e-05 -0.000102986   -0.0424449  -0.00108537  -0.00121305   0.00132346   0.00420088   0.00181814  6.15069e-05  0.000173052 -0.000154766  6.52021e-05  0.000109106  0.000128077  0.000410493 -0.000712131  4.02276e-05 -1.23223e-08   2.6361e-08 -4.16535e-05 -0.000224797 -1.74588e-05
   -0.056242   0.00527087   -0.0134427  0.000260026 -0.000342496   -0.0216479  -0.00082823 -0.000213446   0.00103665   0.00181814   0.00232223  0.000217393  0.000162905 -0.000249367  2.32424e-05  8.69971e-05  8.89747e-05  0.000173969 -0.000574782  6.96652e-05  1.74459e-09 -6.12378e-08  0.000196286 -0.000643269  5.56168e-05
  -0.0792323  0.000377906  -0.00305855 -0.000300972  0.000116997  -0.00269201 -0.000461843  1.53159e-05    0.0003494  6.15069e-05  0.000217393  0.000490862  -0.00042403 -4.63033e-05  4.70415e-06  3.16508e-05  6.04877e-06  3.06343e-05 -0.000160355  1.01671e-05  8.16911e-09  3.26527e-08 -0.000451904  0.000136076  7.55338e-05
  -0.0106203  0.000271736   0.00295578   0.00034292 -0.000434984    0.0205427  0.000619664  8.01146e-05  -3.8641e-05  0.000173052  0.000162905  -0.00042403   0.00117538 -0.000261822 -2.23237e-05 -2.32408e-05  9.94255e-07 -6.02285e-05  9.36306e-05  2.74551e-06 -1.04249e-08 -5.02787e-08   0.00113599  -0.00147522 -9.07952e-05
   0.0421842  0.000320594  0.000865553 -6.48909e-05  8.63928e-05  -0.00673031 -9.57804e-05 -0.000113837 -0.000120233 -0.000154766 -0.000249367 -4.63033e-05 -0.000261822  0.000164318  9.20305e-06 -2.01301e-06 -5.36011e-06 -4.72287e-06  9.65962e-05 -1.31885e-05 -3.86688e-09 -1.24521e-08 -0.000331984   0.00061805 -2.22169e-05
  0.00442765  2.16715e-05 -8.73546e-05 -1.17276e-06 -4.75762e-05  -0.00296485 -6.52726e-05 -7.06227e-05  8.34233e-05  6.52021e-05  2.32424e-05  4.70415e-06 -2.23237e-05  9.20305e-06    1.478e-05  4.88386e-06  7.72555e-06  2.19882e-05 -3.12563e-05  2.44129e-06 -1.85792e-09 -7.91439e-09 -0.000119962  7.07259e-05  3.01934e-06
  -0.0056196  0.000374333 -0.000678274 -1.98045e-05  -1.0754e-05  -0.00209692 -8.20468e-05 -3.75601e-05  8.68469e-05  0.000109106  8.69971e-05  3.16508e-05 -2.32408e-05 -2.01301e-06  4.88386e-06  8.22023e-06  6.48561e-06  1.64588e-05 -3.52663e-05  2.50975e-06 -6.98523e-10 -5.47798e-09 -5.01237e-05   1.4297e-05  9.12741e-07
-0.000985516  0.000249612 -0.000430621   6.7906e-06 -4.93069e-05  -0.00264275 -5.50793e-05 -4.79761e-05  8.52377e-05  0.000128077  8.89747e-05  6.04877e-06  9.94255e-07 -5.36011e-06  7.72555e-06  6.48561e-06  9.57043e-06  2.28283e-05 -4.12572e-05  3.63542e-06 -1.40308e-09 -5.64245e-09 -4.27045e-05 -9.24198e-06  1.51693e-06
 -0.00750898  0.000460231 -0.000813536  1.35383e-05 -0.000122973  -0.00332266 -0.000208669 -0.000207267   0.00020615  0.000410493  0.000173969  3.06343e-05 -6.02285e-05 -4.72287e-06  2.19882e-05  1.64588e-05  2.28283e-05  0.000108045 -0.000145635  1.25676e-05 -3.59229e-09 -3.89522e-09 -0.000196182   0.00014574  5.09223e-06
   0.0511827 -0.000622762   0.00415291 -3.66567e-05  5.78075e-05   0.00414059  0.000382065  0.000208511 -0.000466877 -0.000712131 -0.000574782 -0.000160355  9.36306e-05  9.65962e-05 -3.12563e-05 -3.52663e-05 -4.12572e-05 -0.000145635   0.00039834 -3.89816e-05 -1.59492e-09  3.35264e-09  0.000186716  9.41223e-05 -4.11288e-05
 -0.00234304  5.92988e-05 -0.000418858  1.66182e-05 -1.66299e-05  9.97572e-05 -2.68083e-05 -7.60286e-06  4.02922e-05  4.02276e-05  6.96652e-05  1.01671e-05  2.74551e-06 -1.31885e-05  2.44129e-06  2.50975e-06  3.63542e-06  1.25676e-05 -3.89816e-05  5.18672e-06  3.28593e-10 -2.20156e-09 -1.05932e-05 -1.89057e-05  4.93623e-06
-2.74775e-06 -8.12161e-08 -2.21028e-07   1.3771e-09  3.31311e-08  8.31444e-07 -3.55452e-10  2.10803e-08 -1.10297e-08 -1.23223e-08  1.74459e-09  8.16911e-09 -1.04249e-08 -3.86688e-09 -1.85792e-09 -6.98523e-10 -1.40308e-09 -3.59229e-09 -1.59492e-09  3.28593e-10  1.43254e-12   3.5122e-12   5.0237e-10   1.6556e-08  3.66278e-09
-1.49879e-05  -6.0886e-07  1.97365e-07 -1.48982e-08  5.62489e-08  1.48854e-06  4.51119e-08  4.52472e-08 -6.74133e-08   2.6361e-08 -6.12378e-08  3.26527e-08 -5.02787e-08 -1.24521e-08 -7.91439e-09 -5.47798e-09 -5.64245e-09 -3.89522e-09  3.35264e-09 -2.20156e-09   3.5122e-12   2.9903e-11  9.20199e-09  2.18865e-09  1.74432e-08
  -0.0593102 -0.000663802   0.00342271  0.000309006 -0.000175374   0.00488341   0.00115146  0.000772261 -0.000648084 -4.16535e-05  0.000196286 -0.000451904   0.00113599 -0.000331984 -0.000119962 -5.01237e-05 -4.27045e-05 -0.000196182  0.000186716 -1.05932e-05   5.0237e-10  9.20199e-09   0.00267198   -0.0031881 -6.96715e-05
    0.199664   0.00154004  -0.00871105 -2.89468e-05   0.00148112    0.0306997  -0.00147619  -0.00101733 -8.93581e-05 -0.000224797 -0.000643269  0.000136076  -0.00147522   0.00061805  7.07259e-05   1.4297e-05 -9.24198e-06   0.00014574  9.41223e-05 -1.89057e-05   1.6556e-08  2.18865e-09   -0.0031881   0.00637697 -5.48859e-05
  -0.0110497 -0.000549802 -0.000483064 -1.16421e-05 -6.87607e-06  -0.00396807 -8.73736e-06  7.26394e-05  4.39208e-05 -1.74588e-05  5.56168e-05  7.55338e-05 -9.07952e-05 -2.22169e-05  3.01934e-06  9.12741e-07  1.51693e-06  5.09223e-06 -4.11288e-05  4.93623e-06  3.66278e-09  1.74432e-08 -6.96715e-05 -5.48859e-05   3.6531e-05
    147.355
    4.84515
    6.31967
   0.875667
   0.746199
     360.12
   0.116526
   0.167386
   0.531962
    0.72504
   0.721502
   0.864642
   0.842069
   0.320568
   0.621461
  0.0967041
   0.998074
    1.99551
   -4.66515
  -0.225947
3.04367e-05
0.000143817
   0.354401
   0.461682
   0.240637