 0.166      0      0      0      0      0      0      0      0      0      0      0      0      0      0      0      0      0      0      0      0      0      0      0      0
     0  0.006      0      0      0      0      0      0      0      0      0      0      0      0      0      0      0      0      0      0      0      0      0      0      0
     0      0  0.018      0      0      0      0      0      0      0      0      0      0      0      0      0      0      0      0      0      0      0      0      0      0
     0      0      0 0.0005      0      0      0      0      0      0      0      0      0      0      0      0      0      0      0      0      0      0      0      0      0
     0      0      0      0 0.0005      0      0      0      0      0      0      0      0      0      0      0      0      0      0      0      0      0      0      0      0
     0      0      0      0      0  0.305      0      0      0      0      0      0      0      0      0      0      0      0      0      0      0      0      0      0      0
     0      0      0      0      0      0  0.001      0      0      0      0      0      0      0      0      0      0      0      0      0      0      0      0      0      0
     0      0      0      0      0      0      0  0.001      0      0      0      0      0      0      0      0      0      0      0      0      0      0      0      0      0
     0      0      0      0      0      0      0      0  0.001      0      0      0      0      0      0      0      0      0      0      0      0      0      0      0      0
     0      0      0      0      0      0      0      0      0  0.001      0      0      0      0      0      0      0      0      0      0      0      0      0      0      0
     0      0      0      0      0      0      0      0      0      0 0.0009      0      0      0      0      0      0      0      0      0      0      0      0      0      0
     0      0      0      0      0      0      0      0      0      0      0  0.001      0      0      0      0      0      0      0      0      0      0      0      0      0
     0      0      0      0      0      0      0      0      0      0      0      0  0.001      0      0      0      0      0      0      0      0      0      0      0      0
     0      0      0      0      0      0      0      0      0      0      0      0      0  0.001      0      0      0      0      0      0      0      0      0      0      0
     0      0      0      0      0      0      0      0      0      0      0      0      0      0  0.001      0      0      0      0      0      0      0      0      0      0
     0      0      0      0      0      0      0      0      0      0      0      0      0      0      0 0.0001      0      0      0      0      0      0      0      0      0
     0      0      0      0      0      0      0      0      0      0      0      0      0      0      0      0  0.001      0      0      0      0      0      0      0      0
     0      0      0      0      0      0      0      0      0      0      0      0      0      0      0      0      0  0.002      0      0      0      0      0      0      0
     0      0      0      0      0      0      0      0      0      0      0      0      0      0      0      0      0      0   0.02      0      0      0      0      0      0
     0      0      0      0      0      0      0      0      0      0      0      0      0      0      0      0      0      0      0   0.02      0      0      0      0      0
     0      0      0      0      0      0      0      0      0      0      0      0      0      0      0      0      0      0      0      0  0.001      0      0      0      0
     0      0      0      0      0      0      0      0      0      0      0      0      0      0      0      0      0      0      0      0      0  0.001      0      0      0
     0      0      0      0      0      0      0      0      0      0      0      0      0      0      0      0      0      0      0      0      0      0  0.001      0      0
     0      0      0      0      0      0      0      0      0      0      0      0      0      0      0      0      0      0      0      0      0      0      0  0.001      0
     0      0      0      0      0      0      0      0      0      0      0      0      0      0      0      0      0      0      0      0      0      0      0      0  0.001
     28.8191    -0.150662  -0.00603033   0.00957204    0.0120616     -2.72536    0.0712318   0.00988238     0.053047   0.00929145     0.119243   -0.0734752    0.0361731  -0.00245217   0.00517198   -0.0015651  7.95816e-05   -0.0020493   -0.0706143   0.00989736 -6.12906e-07 -8.09814e-06    0.0301621   -0.0569687  -0.00452432
   -0.150662    0.0187985  -0.00390721 -0.000923647  0.000173269   -0.0899987  -0.00220918  0.000522175  -0.00101652  0.000599739   0.00109342   0.00051346  -0.00152237  0.000899855  -6.9131e-05  1.32783e-05  6.57759e-06 -2.45918e-05   0.00239408   -0.0002663 -1.77637e-09  -2.2169e-07  -0.00182267   0.00460694 -0.000260626
 -0.00603033  -0.00390721    0.0516987  -0.00195157  -0.00208256    -0.142861   0.00241209  0.000924686  -0.00149542  -0.00453229  -0.00768626  6.95163e-05 -0.000301488  0.000773213  0.000120049  2.09368e-06 -6.28163e-05  5.70998e-05   0.00092243 -8.24403e-05 -8.48537e-08 -2.87018e-07 -0.000609707  -0.00193832 -0.000366667
  0.00957204 -0.000923647  -0.00195157  0.000289181   5.1019e-06     0.016116  0.000142756  5.14806e-05  0.000142894  0.000364226  0.000409837  -0.00014854  0.000274535 -0.000107995 -1.17588e-05 -9.37757e-06  2.02472e-06  1.48292e-06 -0.000212904   2.2524e-05  3.32679e-09  2.46105e-08   0.00045731 -0.000382751  1.71354e-05
   0.0120616  0.000173269  -0.00208256   5.1019e-06  0.000384883  0.000193506  -6.6147e-05 -0.000178423  2.65456e-05  0.000210182  0.000127097 -6.42125e-05  -0.00010803  6.24132e-05  9.30228e-06 -7.66558e-06  5.32284e-07 -3.96296e-06  1.44518e-05 -2.82617e-06   2.9605e-09 -8.73739e-09 -0.000266271  0.000645077 -1.59939e-05
    -2.72536   -0.0899987    -0.142861     0.016116  0.000193506      4.01231  -0.00997162   -0.0252669    0.0215577    0.0303913   0.00435605   0.00551535    0.0355454   -0.0185072 -1.50299e-05  0.000850712   0.00056499 -0.000122865   -0.0203252   0.00269316  6.06322e-07  3.76123e-06   0.00710894  0.000426923   0.00144613
   0.0712318  -0.00220918   0.00241209  0.000142756  -6.6147e-05  -0.00997162  0.000983144  0.000141182  0.000115271 -1.73641e-05    2.464e-05  -0.00039632  0.000379481 -8.74412e-05 -3.15375e-05 -1.94356e-05 -5.37682e-06 -1.41928e-06 -0.000369015  4.91489e-05 -6.24703e-09  8.69429e-09  0.000751316  -0.00128835 -7.43933e-06
  0.00988238  0.000522175  0.000924686  5.14806e-05 -0.000178423   -0.0252669  0.000141182  0.000726696 -0.000268496 -0.000198086  0.000176974 -8.19865e-05 -0.000222998  0.000102338 -3.06142e-05 -1.35411e-05 -6.55316e-06  3.31628e-06   8.1536e-05 -2.18201e-05  3.79697e-10  9.19267e-09  0.000419502  -0.00050858  7.62099e-06
    0.053047  -0.00101652  -0.00149542  0.000142894  2.65456e-05    0.0215577  0.000115271 -0.000268496  0.000744656  0.000587397  0.000426799 -0.000145674  0.000453157 -0.000137884  4.43676e-05  9.80201e-06  4.64791e-06 -1.62241e-06 -0.000242907  3.20115e-05 -1.97946e-09 -1.08445e-08 -0.000115999  0.000351119  1.89503e-06
  0.00929145  0.000599739  -0.00453229  0.000364226  0.000210182    0.0303913 -1.73641e-05 -0.000198086  0.000587397   0.00155834   0.00123695 -0.000427925  0.000676646 -0.000119881 -1.20335e-06 -1.86421e-05  8.08125e-06 -2.13318e-06  -5.8078e-05  1.16025e-05  5.78421e-09  1.23771e-08  0.000398711  0.000376428 -2.91919e-05
    0.119243   0.00109342  -0.00768626  0.000409837  0.000127097   0.00435605    2.464e-05  0.000176974  0.000426799   0.00123695   0.00249202 -0.000637902  0.000466115 -0.000107868 -1.56399e-05  -3.0642e-05  5.87653e-06 -1.88344e-05 -0.000283804  4.81117e-05  7.64566e-09 -3.60486e-09  0.000730609 -0.000579686  3.58777e-05
  -0.0734752   0.00051346  6.95163e-05  -0.00014854 -6.42125e-05   0.00551535  -0.00039632 -8.19865e-05 -0.000145674 -0.000427925 -0.000637902  0.000522498 -0.000408889 -3.30546e-06 -7.13064e-06  2.66074e-05  1.69192e-07  2.99463e-06  0.000140789  -2.8173e-05  3.33122e-09  2.93751e-08 -0.000436336  0.000505906  2.59658e-05
   0.0361731  -0.00152237 -0.000301488  0.000274535  -0.00010803    0.0355454  0.000379481 -0.000222998  0.000453157  0.000676646  0.000466115 -0.000408889   0.00102411 -0.000298727 -4.87586e-06 -4.26414e-06  8.11335e-06 -3.68874e-06 -0.000352126  5.84414e-05  1.77392e-09  1.49347e-08  0.000688278 -0.000880719 -2.17454e-05
 -0.00245217  0.000899855  0.000773213 -0.000107995  6.24132e-05   -0.0185072 -8.74412e-05  0.000102338 -0.000137884 -0.000119881 -0.000107868 -3.30546e-06 -0.000298727  0.000176863  1.69982e-05 -8.06621e-06 -4.42127e-06  2.49497e-06  0.000223861  -2.8177e-05  -4.5859e-09 -3.58807e-08 -0.000282265  0.000476503 -1.62203e-05
  0.00517198  -6.9131e-05  0.000120049 -1.17588e-05  9.30228e-06 -1.50299e-05 -3.15375e-05 -3.06142e-05  4.43676e-05 -1.20335e-06 -1.56399e-05 -7.13064e-06 -4.87586e-06  1.69982e-05  1.44547e-05 -1.14463e-08 -3.45377e-07  7.36232e-07  1.08711e-05  -6.3131e-07 -1.49889e-09 -1.08225e-08 -0.000100228  0.000136529 -1.14586e-06
  -0.0015651  1.32783e-05  2.09368e-06 -9.37757e-06 -7.66558e-06  0.000850712 -1.94356e-05 -1.35411e-05  9.80201e-06 -1.86421e-05  -3.0642e-05  2.66074e-05 -4.26414e-06 -8.06621e-06 -1.14463e-08  2.58699e-06  5.33293e-07 -9.50571e-08 -3.49091e-06   2.0358e-08   2.8746e-10  1.87865e-09 -2.39547e-05  1.92277e-05  6.70704e-07
 7.95816e-05  6.57759e-06 -6.28163e-05  2.02472e-06  5.32284e-07   0.00056499 -5.37682e-06 -6.55316e-06  4.64791e-06  8.08125e-06  5.87653e-06  1.69192e-07  8.11335e-06 -4.42127e-06 -3.45377e-07  5.33293e-07  7.03909e-07  9.34289e-08 -4.74787e-06  6.10587e-07  2.23528e-10  7.99663e-10  1.64198e-06 -3.04908e-06 -8.20729e-08
  -0.0020493 -2.45918e-05  5.70998e-05  1.48292e-06 -3.96296e-06 -0.000122865 -1.41928e-06  3.31628e-06 -1.62241e-06 -2.13318e-06 -1.88344e-05  2.99463e-06 -3.68874e-06  2.49497e-06  7.36232e-07 -9.50571e-08  9.34289e-08  1.69265e-06  4.23156e-06 -8.11115e-07 -1.76034e-10  9.52699e-12 -1.34832e-06  4.22028e-06  5.21111e-07
  -0.0706143   0.00239408   0.00092243 -0.000212904  1.44518e-05   -0.0203252 -0.000369015   8.1536e-05 -0.000242907  -5.8078e-05 -0.000283804  0.000140789 -0.000352126  0.000223861  1.08711e-05 -3.49091e-06 -4.74787e-06  4.23156e-06  0.000591421 -7.09723e-05  -5.1551e-09  -4.0277e-08 -0.000478368  0.000871852 -2.60778e-05
  0.00989736   -0.0002663 -8.24403e-05   2.2524e-05 -2.82617e-06   0.00269316  4.91489e-05 -2.18201e-05  3.20115e-05  1.16025e-05  4.81117e-05  -2.8173e-05  5.84414e-05  -2.8177e-05  -6.3131e-07   2.0358e-08  6.10587e-07 -8.11115e-07 -7.09723e-05  9.86399e-06  3.99516e-10  2.38732e-09  5.62915e-05 -0.000111935  2.02481e-06
-6.12906e-07 -1.77637e-09 -8.48537e-08  3.32679e-09   2.9605e-09  6.06322e-07 -6.24703e-09  3.79697e-10 -1.97946e-09  5.78421e-09  7.64566e-09  3.33122e-09  1.77392e-09  -4.5859e-09 -1.49889e-09   2.8746e-10  2.23528e-10 -1.76034e-10  -5.1551e-09  3.99516e-10  5.14161e-13  2.12435e-12  7.89556e-09 -7.23041e-09  5.72499e-10
-8.09814e-06  -2.2169e-07 -2.87018e-07  2.46105e-08 -8.73739e-09  3.76123e-06  8.69429e-09  9.19267e-09 -1.08445e-08  1.23771e-08 -3.60486e-09  2.93751e-08  1.49347e-08 -3.58807e-08 -1.08225e-08  1.87865e-09  7.99663e-10  9.52699e-12  -4.0277e-08  2.38732e-09  2.12435e-12  2.02318e-11  7.90146e-08 -1.32706e-07  9.98675e-09
   0.0301621  -0.00182267 -0.000609707   0.00045731 -0.000266271   0.00710894  0.000751316  0.000419502 -0.000115999  0.000398711  0.000730609 -0.000436336  0.000688278 -0.000282265 -0.000100228 -2.39547e-05  1.64198e-06 -1.34832e-06 -0.000478368  5.62915e-05  7.89556e-09  7.90146e-08   0.00172156  -0.00237943  1.90352e-05
  -0.0569687   0.00460694  -0.00193832 -0.000382751  0.000645077  0.000426923  -0.00128835  -0.00050858  0.000351119  0.000376428 -0.000579686  0.000505906 -0.000880719  0.000476503  0.000136529  1.92277e-05 -3.04908e-06  4.22028e-06  0.000871852 -0.000111935 -7.23041e-09 -1.32706e-07  -0.00237943   0.00468679 -0.000105081
 -0.00452432 -0.000260626 -0.000366667  1.71354e-05 -1.59939e-05   0.00144613 -7.43933e-06  7.62099e-06  1.89503e-06 -2.91919e-05  3.58777e-05  2.59658e-05 -2.17454e-05 -1.62203e-05 -1.14586e-06  6.70704e-07 -8.20729e-08  5.21111e-07 -2.60778e-05  2.02481e-06  5.72499e-10  9.98675e-09  1.90352e-05 -0.000105081  1.78265e-05
    129.227
    5.05488
     6.4501
   0.857249
   0.748771
    361.914
  0.0805084
    0.13993
   0.508278
   0.779315
   0.652062
   0.881899
   0.865871
       0.32
   0.618582
  0.0972592
   0.998984
    1.99861
   -4.59854
  -0.234088
3.07589e-05
0.000148243
   0.321925
   0.534298
   0.235848