0.143165
0.143051
0.143057
0.142982
0.142908
0.142795
0.142721
0.142647
0.142653
0.142659
0.142665
0.142631
0.142518
0.142484
0.142411
0.142299
0.142186
0.142114
0.142041
0.141969
0.142054
0.141942
 0.14183
0.141719
0.141647
0.141575
0.141504
0.141432
0.141439
0.141328
0.141257
0.141186
0.141231
0.141199
0.141128
0.141096
0.140987
0.140916
0.140884
0.140814
0.140782
0.140789
0.140719
0.140649
0.140618
0.140664
0.140555
0.140485
0.140493
  0.1405
0.140584
0.140553
0.140522
0.140452
0.140345
0.140276
0.140207
0.140138
0.140183
0.140229
0.140198
 0.14013
0.140023
0.139954
0.139848
0.139742
0.139711
0.139681
0.139651
0.139583
0.139516
0.139561
0.139494
0.139464
0.139396
0.139329
0.139299
0.139495
0.139466
0.139361
0.139256
0.139227
 0.13916
0.139205
0.139139
0.139034
0.139155
0.139238
0.139134
0.139104
 0.13915
0.139195
0.139278
0.139435
0.139517
0.139562
0.139829
0.139837
0.139918
0.140074
0.140044
0.140015
0.139985
 0.14003
0.140037
0.140118
0.140052
0.140059
0.140066
    0.14
0.140007
0.140015
0.139949
0.139846
0.139744
0.139678
0.139576
0.139547
0.139627
0.139599
0.139497
0.139431
0.139476
0.139447
0.139455
0.139571
0.139579
0.139623
0.139521
0.139529
0.139573
 0.13958
0.139516
0.139559
0.139567
0.139574
0.139654
0.139589
0.139561
0.139604
0.139648
0.139691
 0.13977
 0.13967
0.139785
0.139864
  0.1398
0.139735
0.139814
0.139821
0.139936
0.139943
0.139986
0.140028
0.140107
0.140078
0.140121
0.140092
0.140135
0.140106
0.140043
 0.14012
0.140092
0.140028
    0.14
0.139936
0.139838
 0.13981
0.139852
0.139965
0.139901
0.139873
0.139845
0.139782
0.139754
0.139727
0.139699
0.139601
0.139538
0.139476
0.139448
 0.13949
0.139463
0.139435
0.139408
0.139415
0.139422
0.139465
0.139402
0.139375
0.139278
0.139251
0.139224
0.139162
0.139135
0.139073
0.139081
0.139054
0.139096
0.139069
0.139111
0.139153
0.139057
0.139065
0.138969
0.138942
0.138916
0.138855
0.138862
0.138836
0.138741
0.138782
0.138824
0.138764
0.138737
0.138745
0.138753
 0.13876
0.138734
0.138707
0.138783
0.138791
0.138764
 0.13867
0.138678
0.138584
0.138592
0.138566
0.138641
0.138649
0.138589
0.138495
0.138537
0.138511
0.138485
0.138493
  0.1385
0.138474
0.138415
0.138356
0.138364
0.138271
0.138279
0.138286
0.138261
0.138168
0.138176
0.138117
0.138059
  0.1381
0.138041
0.138016
0.138057
0.138032
0.137973
0.138048
0.138089
0.138229
 0.13827
0.138245
0.138187
0.138228
0.138268
0.138309
0.138383
0.138292
0.138266
0.138208
 0.13815
0.138092
0.138034
0.137976
0.137919
0.137927
0.137902
0.137877
0.137787
0.137795
0.137704
0.137647
0.137557
0.137467
0.137476
0.137451
0.137394
0.137337
0.137248
0.137191
0.137102
0.137078
0.137054
0.136965
0.136909
0.136852
0.136828
0.136869
0.136942
0.137016
0.137024
0.136968
0.137105
0.137017
0.136929
 0.13684
0.136752
0.136665
0.136577
0.136489
0.136466
0.136378
0.136355
0.136268
0.136212
0.136221
0.136134
0.136175
 0.13612
0.136129
0.136074
0.136051
0.136092
0.136132
0.136205
 0.13615
0.136063
0.136009
0.135923
0.135868
0.135845
0.135823
0.135737
0.135651
0.135629
0.135574
0.135584
0.135498
0.135444
0.135422
0.135337
0.135283
0.135198
0.135207
0.135248
0.135226
0.135141
0.135088
0.135034
 0.13495
0.135084
0.135031
0.135009
0.135112
0.135122
0.135069
0.134984
0.134963
0.134941
0.134888
0.135084
0.135031
0.134978
0.134988
0.134997
0.135068
0.135077
0.135056
0.134972
0.135074
0.135022
0.135031
0.135009
0.135049
0.135059
0.135037
0.134985
0.134932
 0.13488
0.134859
0.134868
0.134847
0.134856
0.134835
0.134783
0.134731
0.134679
0.134658
0.134667
0.134737
0.134655
0.134573
0.134583
0.134501
 0.13451
0.134428
0.134438
0.134478
0.134426
0.134405
0.134445
0.134364
0.134373
0.134322
0.134392
0.134341
 0.13429
0.134239
0.134218
0.134198
0.134117
0.134217
0.134226
0.134236
0.134245
0.134255
0.134204
0.134244
0.134403
0.134472
0.134482
0.134581
 0.13459
0.134659
0.134698
0.134677
0.134627
0.134576
0.134526
0.134595
0.134723
0.134702
0.134741
0.134691
  0.1347
0.134679
0.134659
0.134698
0.134647
0.134627
0.134606
0.134527
0.134536
0.134574
0.134525
0.134475
0.134454
0.134404
0.134473
0.134452
0.134491
0.134412
0.134362
0.134313
0.134292
0.134214
0.134135
0.134086
0.134007
0.134016
0.133967
0.133947
0.133869
0.133791
0.133713
0.133664
0.133586
0.133566
0.133489
 0.13344
 0.13345
0.133401
0.133353
0.133304
0.133343
 0.13344
0.133478
0.133546
0.133468
 0.13342
0.133545
0.133526
0.133507
0.133487
0.133583
0.133622
0.133602
0.133583
0.133592
0.133573
0.133554
0.133592
0.133573
0.133668
0.133706
0.133687
0.133725
0.133763
0.133801
 0.13381
0.133848
0.133771
0.133724
0.133761
0.133714
0.133637
 0.13359
0.133656
0.133694
0.133788
0.133826
0.133864
0.133901
0.133882
0.133806
0.133872
0.133994
0.133975
0.134012
0.134021
0.134031
0.134068
0.134077
0.134114
0.134208
0.134273
0.134394
0.134572
0.134609
0.134646
0.134879
0.134888
 0.13484
0.134848
0.134829
0.134781
 0.13479
0.134714
0.134667
0.134704
 0.13474
0.134777
0.134785
0.134794
0.134774
0.134783
0.134847
  0.1348
0.134836
0.134872
0.134936
0.134861
0.134814
 0.13485
0.134859
0.134839
0.134765
 0.13469
0.134671
0.134624
0.134605
0.134696
0.134677
0.134685
0.134639
0.134564
0.134601
0.134637
0.134618
0.134681
0.134827
0.134835
0.134816
0.134769
0.134805
0.134786
0.134822
0.134748
0.134702
0.134628
0.134554
0.134481
0.134407
0.134334
0.134288
0.134242
0.134196
0.134205
0.134159
0.134168
0.134149
 0.13413
0.134112
0.134039
0.133993
0.133948
 0.13393
0.133857
0.133785
0.133712
0.133667
0.133649
0.133576
0.133558
 0.13354
0.133495
0.133423
0.133351
0.133414
0.133423
0.133432
0.133387
0.133315
0.133244
0.133172
0.133101
0.133029
0.132958
0.132914
0.132843
0.132772
0.132754
0.132683
0.132639
0.132621
0.132604
 0.13256
0.132569
0.132525
0.132508
0.132517
0.132447
 0.13243
0.132359
0.132289
0.132298
0.132308
0.132264
0.132247
0.132283
0.132239
0.132275
0.132232
0.132215
 0.13225
0.132233
0.132216
0.132173
0.132156
0.132192
0.132175
0.132211
 0.13222
0.132177
0.132107
 0.13209
  0.1321
0.132057
0.132014
0.131944
 0.13198
0.131911
0.131842
0.131799
0.131809
0.131792
0.131749
0.131759
0.131742
0.131674
0.131683
0.131641
 0.13165
 0.13166
0.131591
0.131575
0.131506
0.131438
0.131448
0.131457
0.131493
0.131503
 0.13146
0.131444
0.131376
 0.13136
0.131292
0.131276
 0.13126
0.131218
 0.13115
 0.13116
0.131144
0.131076
0.131009
0.130941
0.130874
0.130807
 0.13074
0.130698
0.130631
0.130564
0.130497
 0.13043
0.130415
0.130399
0.130384
 0.13047
0.130455
0.130439
0.130449
0.130408
0.130342
0.130403
0.130362
0.130321
0.130331
 0.13029
0.130351
0.130386
0.130371
 0.13033
0.130391
0.130451
0.130385
 0.13037
 0.13038
0.130415
0.130475
0.130435
0.130394
0.130354
0.130363
0.130424
0.130509
0.130469
0.130428
0.130388
0.130423
0.130407
0.130342
0.130327
0.130337
0.130271
0.130306
0.130241
0.130251
0.130235
0.130195
 0.13013
 0.13009
0.130075
 0.13006
 0.13002
 0.13008
0.130015
0.129975
0.129935
 0.12997
0.129955
 0.12989
0.129925
 0.12996
 0.13002
 0.13003
 0.13004
0.129975
0.129936
0.129871
0.129807
0.129742
0.129678
0.129614
 0.12955
0.129486
0.129422
0.129358
0.129294
 0.12923
0.129167
0.129103
0.129039
0.128976
0.129011
0.128972
0.128958
0.128943
0.128929
 0.12894
0.128876
0.128862
0.128848
0.128785
0.128771
0.128781
0.128767
0.128826
0.128861
0.128872
0.128833
0.128819
0.128902
 0.12884
0.128874
0.128958
0.128968
0.128905
0.128867
0.128877
0.128912
0.128849
0.128835
0.128772
 0.12871
0.128672
0.128609
0.128571
0.128558
0.128616
0.128603
0.128613
0.128575
0.128609
0.128692
0.128678
0.128689
0.128675
0.128613
0.128551
0.128561
 0.12862
0.128702
0.128664
 0.12865
0.128613
0.128551
0.128513
0.128452
 0.12839
0.128329
0.128291
 0.12823
0.128168
0.128155
0.128118
0.128056
0.127995
0.128006
0.127992
0.128003
0.127942
0.127905
0.127844
0.127878
0.127865
0.127875
0.127815
0.127778
0.127812
0.127799
0.127833
0.127867
 0.12783
0.127817
0.127757
0.127696
 0.12766
0.127623
0.127586
0.127526
0.127489
0.127429
0.127393
 0.12738
0.127367
0.127354
0.127318
0.127258
0.127198
0.127185
0.127125
0.127066
0.127053
0.127017
0.127051
0.127038
0.127002
0.126966
0.126907
0.126871
0.126812
0.126776
0.126716
0.126727
0.126668
0.126679
 0.12662
0.126608
0.126549
0.126513
0.126477
0.126512
0.126499
0.126487
0.126428
 0.12637
0.126311
0.126276
 0.12624
0.126205
0.126239
0.126227
0.126192
0.126179
0.126144
0.126132
 0.12612
0.126131
0.126165
0.126222
0.126256
0.126244
0.126255
0.126197
0.126208
0.126196
0.126253
0.126241
0.126206
0.126194
0.126228
0.126193
0.126204
0.126169
0.126157
0.126168
0.126178
0.126121
0.126177
0.126143
0.126153
0.126119
0.126061
0.126072
0.126129
0.126094
0.126105
 0.12607
0.126081
0.126115
0.126103
0.126068
0.126011
0.126022
0.125987
0.126021
0.126054
 0.12602
0.126008
0.125974
0.125962
0.125905
0.125871
0.125882
0.125892
0.125858
0.125801
0.125767
0.125756
0.125699
0.125732
0.125721
0.125687
0.125653
0.125619
0.125562
0.125506
0.125472
0.125438
0.125382
0.125415
0.125359
0.125303
0.125269
0.125235
0.125201
0.125145
0.125089
0.125101
0.125089
  0.1251
0.125045
0.125011
   0.125
0.124989
0.124978
0.124944
0.124911
  0.1249
0.124844
0.124811
0.124778
0.124789
0.124756
  0.1247
0.124667
0.124745
0.124734
0.124723
0.124734
0.124745
0.124801
0.124746
0.124735
 0.12468
0.124669
0.124614
0.124647
0.124614
0.124625
0.124658
 0.12467
0.124725
 0.12478
0.124725
0.124692
0.124681
0.124692
0.124704
0.124693
0.124704
0.124649
0.124726
0.124693
0.124639
0.124672
0.124617
0.124628
0.124617
 0.12465
0.124596
0.124541
0.124531
0.124542
0.124509
0.124477
0.124532
0.124521
 0.12451
0.124521
0.124576
0.124565
0.124533
0.124566
0.124555
0.124631
 0.12462
0.124631
0.124621
0.124697
0.124643
0.124719
 0.12473
0.124697
0.124773
0.124784
0.124795
 0.12487
 0.12486
0.124871
0.124925
0.124978
0.124946
0.125043
 0.12514
0.125258
0.125204
0.125215
0.125226
0.125215
0.125247
0.125236
0.125204
0.125172
0.125139
0.125129
0.125118
0.125086
0.125118
0.125107
0.125096
 0.12515
 0.12516
0.125149
 0.12516
0.125149
 0.12516
0.125234
0.125224
 0.12517
 0.12516
0.125191
0.125138
0.125106
0.125159
0.125255
0.125223
0.125233
 0.12518
 0.12517
0.125117
0.125127
0.125095
0.125085
0.125053
0.125042
0.125074
0.125042
0.125074
0.125021
0.125011
0.125021
0.124968
0.124937
0.124905
0.124874
0.124947
0.124895
0.124926
0.124979
0.124989
0.124958
0.124948
0.124895
0.124864
0.124853
0.124864
0.124853
0.124843
0.124812
0.124822
0.124833
0.124843
0.124854
0.124843
0.124833
0.124802
 0.12477
0.124781
0.124729
0.124719
0.124688
0.124656
0.124604
0.124553
0.124501
 0.12447
0.124418
0.124366
0.124315
0.124263
0.124212
0.124243
0.124212
0.124202
0.124254
0.124224
0.124172
0.124204
0.124152
0.124142
0.124194
0.124205
0.124195
0.124164
0.124134
0.124165
0.124134
0.124166
0.124135
0.124105
0.124053
0.124044
0.124034
0.124024
0.124035
0.124004
0.124035
0.124025
0.124036
0.124026
0.124037
0.124007
0.123997
0.123946
0.123916
0.123906
0.123876
0.123907
0.123856
0.123806
0.123878
0.123868
0.123878
0.123869
  0.1239
 0.12389
0.123941
0.123932
0.123922
0.123871
0.123821
0.123852
0.123822
0.123792
0.123762
0.123793
0.123783
0.123794
0.123764
0.123775
0.123725
0.123675
0.123665
0.123716
0.123767
0.123798
0.123768
0.123738
0.123729
0.123719
 0.12371
  0.1237
0.123711
0.123701
0.123692
0.123662
0.123612
0.123603
0.123613
0.123624
0.123594
0.123605
0.123596
0.123586
0.123557
0.123527
0.123538
0.123548
0.123619
0.123569