0.103877
0.103834
0.103911
0.104027
0.104024
0.103981
0.104018
0.104173
 0.10417
0.104206
0.104243
 0.10416
0.104236
0.104351
0.104308
0.104344
0.104262
 0.10418
0.104137
0.104094
0.104091
0.104049
0.104006
0.104003
0.104039
0.104114
0.104072
0.103991
0.103909
0.103867
0.103864
0.103861
0.103858
0.103777
0.103735
0.103655
0.103652
0.103571
 0.10353
0.103527
0.103486
0.103522
0.103674
0.103787
0.103822
0.103819
0.103855
0.103929
0.103926
0.103885
0.103882
0.103955
0.104029
0.104103
0.104176
0.104211
0.104285
 0.10432
0.104469
0.104504
0.104462
0.104421
0.104341
0.104338
0.104297
0.104217
0.104176
0.104211
0.104246
0.104167
0.104315
0.104236
0.104233
0.104343
0.104264
0.104299
0.104371
0.104367
0.104327
0.104361
0.104358
0.104392
0.104314
0.104348
0.104382
0.104379
0.104413
0.104372
0.104406
0.104366
0.104474
0.104583
0.104728
0.104799
0.104907
0.104903
  0.1049
0.104896
0.105004
0.104963
0.104922
0.105104
0.105174
 0.10517
0.105203
 0.10531
0.105232
0.105155
0.105114
0.105037
0.105107
0.105029
0.105062
0.105022
0.104982
0.104905
0.104828
0.104825
0.104858
0.104818
0.104778
0.104774
0.104771
0.104767
0.104873
0.104869
0.104902
0.105007
 0.10504
   0.105
0.105177
0.105174
 0.10517
0.105238
0.105307
0.105375
0.105443
0.105512
0.105616
0.105576
0.105607
0.105639
0.105635
0.105631
0.105627
0.105587
0.105583
0.105615
 0.10554
0.105571
0.105675
 0.10567
0.105595
0.105556
0.105623
 0.10569
 0.10565
0.105859
0.105855
0.105887
0.105882
0.105984
 0.10598
0.106047
0.106007
0.106109
0.106246
0.106276
0.106342
0.106303
0.106404
0.106399
0.106465
0.106426
0.106526
0.106522
0.106517
0.106583
0.106578
0.106678
0.106674
0.106599
0.106595
 0.10652
0.106446
0.106476
0.106402
0.106328
0.106254
0.106215
0.106211
0.106207
0.106133
0.106198
0.106194
0.106155
0.106185
0.106146
0.106142
0.106103
0.106272
0.106336
0.106366
0.106327
0.106289
0.106284
0.106349
0.106344
0.106443
0.106438
  0.1064
 0.10643
0.106494
0.106523
0.106553
0.106514
0.106578
0.106574
0.106603
0.106565
0.106526
0.106522
0.106619
0.106649
0.106746
0.106673
0.106703
0.106664
0.106626
0.106655
0.106583
0.106511
 0.10644
0.106368
0.106296
0.106258
0.106254
0.106183
0.106145
0.106074
 0.10607
0.106032
0.105995
0.105957
0.105987
0.105949
0.105878
0.105874
0.105904
0.105833
0.105829
0.105759
0.105689
0.105652
0.105615
0.105578
0.105674
0.105637
0.105633
0.105662
0.105692
0.105655
0.105684
0.105746
0.105743
0.105706
0.105669
0.105665
0.105629
0.105625
0.105687
 0.10565
0.105647
0.105643
0.105738
0.105734
0.105796
0.105792
0.105788
0.105784
0.105813
0.105842
0.105871
0.105834
0.105765
0.105697
0.105628
0.105624
0.105621
0.105584
0.105516
0.105512
0.105476
0.105505
0.105469
0.105401
0.105462
0.105394
0.105455
0.105484
0.105545
0.105606
 0.10557
0.105534
0.105466
0.105398
0.105363
0.105327
0.105292
0.105224
0.105189
0.105122
0.105182
0.105179
0.105176
0.105109
0.105137
 0.10507
0.105035
0.105032
0.104997
0.105057
0.105022
0.104956
0.104952
0.104886
0.104819
0.104785
0.104782
0.104747
0.104744
0.104678
0.104675
0.104735
0.104795
0.104792
0.104726
0.104786
0.104814
0.104843
0.104871
0.104837
0.104834
0.104862
0.104828
0.104825
0.104822
0.104819
0.104784
 0.10475
0.104747
0.104682
0.104679
0.104676
0.104642
 0.10467
0.104729
0.104695
0.104755
0.104752
0.104842
0.104839
0.104898
0.104864
0.104954
0.104981
0.105102
0.105099
0.105096
0.105062
0.105089
0.105025
 0.10496
0.104957
0.104923
0.104951
0.104917
0.104975
0.104942
0.104908
0.104874
 0.10481
0.104776
0.104712
0.104648
0.104676
0.104673
0.104792
 0.10482
0.104756
0.104753
0.104689
0.104717
0.104745
0.104711
0.104708
0.104645
0.104612
0.104579
0.104515
0.104452
0.104419
0.104416
0.104383
 0.10435
0.104348
0.104345
0.104403
 0.10437
0.104307
0.104335
0.104272
0.104239
0.104237
0.104204
0.104202
0.104139
0.104107
0.104164
0.104162
0.104279
0.104306
0.104334
0.104271
0.104209
0.104206
0.104204
0.104172
0.104199
0.104167
0.104194
0.104191
0.104159
0.104127
0.104095
0.104093
 0.10406
0.104117
0.104144
0.104231
0.104228
0.104226
0.104194
0.104191
0.104159
0.104127
0.104184
 0.10424
0.104238
0.104176
0.104174
0.104113
0.104052
0.103991
0.103988
0.104045
0.104013
0.104011
0.104037
0.104064
0.104091
0.104089
0.104057
0.104142
0.104257
0.104283
0.104252
0.104249
0.104305
0.104506
0.104503
 0.10453
0.104585
0.104669
0.104638
0.104635
0.104603
0.104601
0.104656
0.104682
0.104679
0.104677
0.104732
0.104758
0.104784
 0.10481
0.104778
0.104776
0.104802
 0.10477
0.104854
0.104879
0.104877
0.104903
0.104928
0.104926
0.105009
0.105092
 0.10506
0.105057
0.105111
0.105137
0.105077
0.105017
0.105014
 0.10504
0.105065
0.105034
0.105003
   0.105
0.104997
0.105023
0.104991
0.105045
0.105099
0.105125
0.105207
0.105345
0.105427
 0.10548
0.105534
0.105559
0.105527
0.105524
0.105521
0.105546
0.105571
 0.10554
0.105649
 0.10573
0.105783
0.105864
0.106001
0.106026
0.105994
0.105935
0.105932
0.105956
0.105953
0.106006
0.106114
 0.10611
0.106163
0.106187
0.106184
 0.10632
0.106427
0.106452
0.106559
0.106667
0.106691
0.106632
0.106628
0.106652
0.106731
0.106728
0.106696
0.106692
0.106772
 0.10674
0.106792
0.106871
 0.10695
0.107084
0.107107
0.107076
0.107237
0.107233
0.107394
0.107473
0.107468
0.107437
0.107433
0.107401
0.107342
0.107311
0.107334
0.107385
0.107408
0.107377
  0.1074
0.107478
0.107501
0.107579
0.107684
0.107707
0.107648
0.107671
0.107667
0.107636
0.107605
0.107628
0.107569
0.107511
0.107507
0.107449
0.107445
0.107386
0.107409
0.107378
0.107401
0.107424
0.107447
0.107443
0.107412
0.107381
0.107431
  0.1074
0.107343
0.107339
0.107335
0.107385
0.107381
0.107377
0.107373
0.107395
0.107392
0.107388
0.107464
0.107513
0.107483
0.107505
0.107528
0.107471
0.107413
0.107383
0.107326
0.107295
0.107238
0.107181
 0.10723
0.107253
0.107196
0.107219
0.107188
0.107264
 0.10726
0.107309
0.107279
0.107275
0.107218
0.107188
0.107158
0.107128
0.107098
0.107068
0.107037
0.106981
0.106925
0.106895
0.106865
0.106887
0.106858
0.106854
0.106824
0.106794
0.106817
0.106787
0.106731
 0.10678
0.106777
0.106773
0.106796
0.106844
0.106867
0.106863
0.106886
0.106856
0.106879
0.106875
0.106923
0.106868
0.106838
0.106835
0.106857
0.106931
0.106902
0.106898
0.106869
0.106813
0.106784
0.106832
0.106829
0.106774
 0.10677
0.106741
0.106686
0.106631
0.106627
0.106598
0.106646
0.106591
0.106562
0.106507
0.106504
0.106526
0.106471
0.106443
0.106465
 0.10641
0.106356
0.106301
0.106247
0.106192
0.106138
0.106161
0.106157
0.106154
0.106126
0.106122
 0.10617
0.106116
0.106113
0.106161
0.106132
0.106104
0.106151
0.106199
0.106374
0.106447
 0.10657
0.106618
 0.10664
0.106586
0.106532
0.106554
  0.1065
0.106471
0.106468
0.106414
0.106386
0.106357
0.106329
  0.1063
0.106297
0.106269
0.106266
0.106237
0.106184
0.106181
0.106128
0.106099
0.106071
0.106068
0.106065
0.106012
0.105984
0.105981
0.106003
 0.10605
0.106072
0.106169
0.106141
0.106113
 0.10611
0.106132
0.106228
 0.10625
0.106371
0.106368
0.106365
0.106387
0.106458
0.106455
0.106452
0.106448
0.106445
0.106417
0.106414
0.106436
0.106432
0.106429
0.106401
0.106448
 0.10642
0.106515
0.106512
0.106534
0.106555
0.106552
0.106573
0.106521
0.106517
0.106563
0.106585
0.106582
0.106676
0.106722
0.106744
0.106765
 0.10681
0.106807
0.106804
0.106776
0.106822
0.106916
0.106961
0.106982
0.107003
0.107098
 0.10707
0.107042
0.107014
0.107011
0.107007
0.107053
0.107122
 0.10707
0.107091
0.107039
 0.10706
0.107008
0.107077
0.107122
0.107143
0.107139
0.107209
0.107205
0.107202
0.107271
0.107267
0.107264
0.107356
0.107401
 0.10747
0.107442
0.107415
0.107411
0.107407
0.107428
0.107472
0.107445
0.107441
0.107462
0.107554
0.107598
0.107571
0.107567
0.107539
0.107536
0.107604
0.107624
0.107645
0.107641
0.107661
0.107753
0.107821
0.107817
0.107837
0.107857
 0.10783
0.107897
0.107989
0.107961
0.108005
0.108025
0.108163
0.108231
0.108298
0.108341
0.108385
0.108404
0.108448
0.108515
0.108511
0.108507
0.108597
 0.10864
0.108613
0.108561
0.108581
  0.1086
0.108596
0.108592
0.108588
0.108608
0.108651
  0.1086
0.108549
0.108545
0.108564
0.108607
0.108673
0.108693
0.108689
0.108684
0.108704
  0.1087
0.108742
0.108855
0.108944
0.108964
0.109029
0.109025
0.109044
0.109017
0.109013
0.109032
0.109004
0.109047
0.109066
0.109131
 0.10908
0.109169
0.109234
0.109253
0.109249
0.109222
 0.10924
0.109259
0.109278
0.109228
0.109223
0.109242
0.109284
0.109349
0.109368
0.109433
0.109428
0.109424
0.109374
0.109346
0.109411
0.109476
0.109494
0.109536
0.109577
0.109573
0.109592
0.109587
 0.10956
0.109555
0.109528
 0.10957
0.109588
0.109607
0.109625
0.109575
0.109593
0.109635
 0.10963
0.109649
0.109644
0.109663
0.109613
0.109608
0.109581
0.109554
0.109527
  0.1095
0.109518
0.109582
0.109601
0.109619
0.109592
 0.10961
0.109583
0.109556
0.109552
 0.10957
0.109634
0.109652
 0.10967
0.109666
0.109661
0.109634
0.109653
0.109626
0.109599
0.109617
0.109635
0.109631
0.109582
0.109577
0.109528
0.109479
0.109452
0.109425
0.109376
0.109327
0.109278
0.109229
0.109225
0.109199
0.109172
0.109123
0.109075
0.109071
0.109089
 0.10904
0.109058
0.109099
0.109073
0.109091
0.109087
0.109083
0.109057
0.109141
0.109115
0.109111
0.109107
0.109081
0.109055
0.109006
0.109024
0.109065
0.109039
0.109057
0.109053
0.109004
0.108978
0.108996
0.108992
0.108989
0.109051
0.109025
0.109043
0.108995
0.108969
0.108921
0.108939
0.108913
0.108887
0.108861
0.108879
0.108875
0.108893
0.108867
0.108864
0.108925
0.108922
0.108961
0.108936
 0.10891
0.108906
0.108924
0.108898
0.108938
   0.109
0.108996
0.109079
0.109097
0.109115
0.109154
0.109172
0.109125
0.109121
0.109095
0.109091
 0.10913
0.109126
0.109188
0.109227
0.109288
0.109328
0.109389
0.109406
 0.10951
 0.10955
0.109589
0.109585
0.109602
0.109684
0.109702
0.109676
0.109715
0.109711
 0.10975
0.109853
0.109828
0.109845
0.109841
0.109836
0.109811
0.109828
0.109867
 0.10982
 0.10988
 0.10994
0.109957
0.109953
0.109927
0.109923
0.109961
0.110043
0.110039
0.110098
0.110073
0.110111
0.110128
0.110145
0.110248
0.110329
0.110388
0.110384
0.110465
0.110503
 0.11052
0.110515
0.110553
0.110655
0.110608
0.110582
0.110556
0.110531
0.110505
0.110458
0.110454
0.110449
 0.11053
0.110504
0.110542
0.110622
 0.11066
0.110634
 0.11063
0.110604
  0.1106
0.110553
0.110527
0.110481
0.110434
0.110409
0.110404
0.110379
0.110332
0.110307
0.110303
0.110298
0.110273
0.110227
0.110223
0.110218
0.110172
0.110189
0.110163
0.110117
0.110092
0.110067
0.110063
0.110038
0.109992
0.109967
0.109962
0.109916
0.109933
0.109971
0.109987
0.109962
0.109917
0.109913
0.109908
0.109904
0.109859
0.109813
0.109788
0.109763
0.109738
0.109734
0.109772
0.109747
0.109826
 0.10978
0.109756
0.109772
0.109768
0.109723
0.109719
0.109694
 0.10969
0.109686
0.109682
0.109678
0.109695
 0.10967
0.109707
0.109703
 0.10972
0.109695
0.109712
0.109749
0.109745
0.109741
0.109799
0.109795
 0.10977
0.109848
0.109824
 0.10982
0.109816
0.109853
0.109889
0.109885
0.109861
0.109836
0.109791
0.109828
0.109783
0.109739
0.109755
0.109772
0.109747
0.109702
0.109719
0.109695
0.109711
0.109666
0.109642
0.109638
0.109654
0.109651
0.109647
0.109663
  0.1097
0.109696
0.109732
0.109789
0.109846
0.109822
0.109777
0.109794
0.109749
0.109725
0.109741
0.109758
0.109754
 0.10983
0.109867
0.109863
0.109839
0.109855
0.109831
0.109807
0.109903
 0.10994
0.109895
0.109891
0.109908
0.109924
 0.10992
0.109916
0.109952
0.109968
0.109964
 0.10992
0.109936
0.110012
0.109988
0.110044