0.158753
0.158666
0.158579
0.158533
0.158486
0.158439
0.158353
0.158386
0.158459
0.158333
0.158208
0.158082
0.157957
0.157872
0.157905
0.157859
0.157814
0.157768
0.157683
0.157677
0.157592
0.157508
0.157423
0.157496
0.157569
0.157445
0.157439
0.157394
 0.15731
0.157266
 0.15726
0.157137
0.157054
 0.15697
0.156887
0.156843
0.156876
0.156871
0.157099
0.157093
0.157049
0.156966
0.156883
0.156878
0.156911
0.156829
0.156823
0.156741
 0.15662
0.156538
0.156418
0.156375
0.156485
0.156595
 0.15659
0.156585
 0.15658
0.156498
0.156379
 0.15626
 0.15614
0.156021
0.155903
0.155822
0.155703
0.155585
0.155543
0.155615
0.155686
0.155682
 0.15564
 0.15556
 0.15548
0.155363
0.155321
0.155241
0.155162
0.155083
0.155004
0.154962
0.155034
0.154955
0.154951
0.154835
0.154757
0.154678
0.154562
0.154447
0.154444
0.154478
0.154437
0.154396
0.154319
0.154315
0.154238
0.154235
0.154306
0.154377
0.154374
0.154333
0.154293
0.154253
 0.15425
0.154247
0.154317
0.154277
0.154311
0.154345
0.154231
0.154265
0.154262
0.154258
0.154182
0.154216
0.154212
0.154246
0.154206
0.154203
0.154164
0.154124
0.154012
0.154009
0.154006
0.154112
0.154073
 0.15407
0.154031
0.153919
0.153843
0.153732
0.153729
0.153618
0.153507
0.153396
0.153357
0.153391
0.153353
0.153278
0.153204
0.153165
0.153199
0.153089
0.153051
0.153013
0.152939
0.152865
0.152792
0.152682
0.152609
0.152536
0.152427
0.152318
 0.15221
0.152101
0.151993
0.152027
0.151955
0.151953
0.151916
0.151844
0.151772
0.151912
0.152052
0.152016
0.151943
0.151907
0.151835
0.151798
0.151727
0.151725
 0.15183
0.151758
0.151651
0.151615
0.151614
0.151578
0.151647
0.151611
0.151714
0.151678
0.151677
0.151746
 0.15171
0.151674
0.151707
0.151636
0.151601
0.151565
0.151633
0.151528
0.151492
0.151387
0.151421
 0.15142
0.151315
0.151314
0.151417
0.151381
0.151311
0.151241
0.151241
0.151309
0.151239
0.151204
  0.1511
 0.15103
0.150927
0.150823
0.150754
0.150719
 0.15065
0.150616
0.150513
0.150444
 0.15041
0.150307
0.150239
0.150136
0.150068
    0.15
0.150068
0.150102
0.150068
0.150068
    0.15
0.149966
0.149966
0.149865
0.149865
0.149831
0.149831
0.149798
 0.14973
 0.14973
0.149663
0.149664
 0.14963
0.149765
0.149799
0.149832
0.149866
0.149832
0.149833
0.149766
0.149732
0.149866
0.149933
  0.1501
  0.1501
  0.1502
0.150266
0.150233
0.150166
0.150066
0.150033
0.149967
  0.1499
0.149934
0.149867
0.149934
0.149934
0.149934
0.149901
    0.15
0.149934
0.149901
0.149835
0.149802
0.149835
0.149836
0.149901
0.149869
 0.14977
0.149705
0.149607
0.149574
0.149542
0.149509
0.149477
0.149379
0.149314
0.149249
0.149185
0.149153
0.149055
0.149023
0.148959
0.148895
0.148993
0.148929
0.148962
0.148995
 0.14906
0.149093
0.149159
0.149256
 0.14916
0.149128
0.149096
0.149129
 0.14913
0.149066
0.149034
0.149003
0.148907
0.148811
0.148748
0.148716
0.148685
0.148622
0.148559
0.148464
0.148369
0.148338
0.148371
0.148372
0.148309
0.148278
0.148502
0.148503
 0.14844
0.148346
0.148252
0.148189
0.148095
0.148001
0.147939
0.147909
0.147815
0.147911
0.147849
0.147851
0.147852
0.147822
0.147823
0.147856
0.147952
 0.14789
0.147892
0.147799
  0.1478
0.147833
0.147803
0.147804
0.147712
0.147838
0.147902
 0.14806
0.148061
0.147969
0.147908
0.147909
0.147848
0.147849
0.147913
0.147945
0.147946
0.147979
0.147887
0.147795
0.147734
0.147643
0.147551
 0.14746
 0.14743
0.147339
0.147279
0.147188
0.147128
0.147099
0.147008
0.146917
0.146858
 0.14686
  0.1468
0.146771
0.146742
0.146714
0.146716
0.146656
0.146567
0.146477
0.146387
0.146297
0.146239
 0.14621
0.146121
0.146093
0.146095
0.146006
0.145948
0.145859
0.145831
0.145833
0.145836
0.145778
0.145689
0.145631
0.145573
0.145576
0.145488
 0.14543
0.145402
0.145314
0.145287
 0.14529
0.145323
0.145326
0.145419
0.145422
0.145424
0.145457
 0.14552
0.145583
0.145556
0.145528
0.145501
0.145534
0.145626
0.145689
0.145721
0.145813
0.145816
0.145729
0.145851
0.145853
0.145886
0.145888
 0.14598
0.146042
0.146014
0.146017
0.145989
0.146021
0.145994
0.145937
0.145999
0.146031
0.145944
0.145976
0.145949
0.145952
0.145983
0.145986
0.145929
0.145902
0.145934
0.146025
0.145968
0.145882
0.145855
 0.14577
0.145713
0.145716
0.145748
 0.14578
0.145782
0.145726
0.145641
0.145643
0.145646
0.145678
0.145593
0.145624
0.145627
0.145659
0.145661
0.145664
0.145608
0.145523
0.145468
0.145441
0.145473
0.145534
0.145507
0.145452
0.145426
0.145428
 0.14546
0.145405
 0.14535
0.145323
0.145297
0.145271
0.145303
0.145248
0.145193
0.145167
0.145112
0.145086
0.145118
0.145149
0.145095
 0.14504
0.144986
0.144989
0.144991
0.144966
0.144883
0.144829
0.144774
 0.14472
0.144809
0.144755
0.144729
0.144761
0.144764
0.144681
0.144628
0.144545
0.144492
0.144438
0.144356
0.144331
0.144249
0.144253
0.144228
0.144174
0.144121
 0.14404
0.143986
0.143962
0.143909
0.143884
0.143887
0.143863
0.143894
0.143982
0.143957
0.143904
0.143908
0.143939
0.143999
0.144002
 0.14395
0.143925
0.143984
  0.1441
0.144131
0.144218
0.144305
0.144364
0.144311
0.144342
 0.14429
0.144321
0.144407
0.144494
0.144525
0.144639
 0.14467
0.144645
 0.14462
0.144595
0.144626
0.144657
0.144632
0.144607
0.144555
0.144586
0.144699
0.144702
0.144677
0.144653
0.144766
0.144741
0.144799
0.144857
0.144942
0.144945
 0.14503
0.145005
0.145091
0.145066
0.145014
0.145016
0.144964
0.144967
0.144915
0.144836
0.144757
0.144678
0.144626
0.144575
0.144496
0.144499
0.144447
0.144396
0.144318
0.144321
0.144242
0.144164
0.144086
0.144062
0.144011
0.144041
 0.14399
0.143994
0.143916
0.143865
0.143868
 0.14379
0.143767
0.143716
0.143693
0.143696
0.143646
0.143595
0.143518
0.143468
0.143444
0.143421
0.143344
0.143294
0.143244
0.143167
0.143091
0.143041
0.142991
0.142914
0.142865
0.142815
0.142872
 0.14285
0.142773
0.142777
0.142834
0.142865
0.142869
0.142899
0.142876
0.142853
0.142831
0.142861
0.142865
0.142842
0.142846
0.142903
0.142959
0.143016
 0.14302
0.142997
 0.14308
 0.14311
0.143061
0.143064
0.142989
0.142966
0.142917
0.142895
0.142846
0.142823
0.142801
0.142805
0.142861
0.142865
0.142921
0.142898
0.142981
0.142958
0.143014
0.142992
0.143021
0.142973
0.143003
0.142954
0.142879
0.142805
0.142757
0.142708
 0.14266
 0.14269
0.142668
 0.14262
0.142545
0.142497
0.142423
0.142376
0.142354
0.142358
0.142336
0.142288
 0.14224
0.142218
0.142196
0.142175
0.142179
0.142157
0.142109
0.142088
0.142014
0.141967
0.142023
0.141975
0.141954
0.141881
0.141859
0.141812
0.141739
0.141692
0.141697
 0.14165
0.141679
0.141633
0.141688
0.141616
0.141543
0.141496
0.141424
0.141352
 0.14128
0.141233
0.141161
 0.14109
0.141043
0.141022
0.140951
 0.14093
0.140884
0.140888
0.140893
0.140872
0.140801
0.140729
0.140684
0.140663
0.140617
0.140597
0.140576
0.140556
0.140535
 0.14054
0.140519
0.140449
0.140428
0.140483
0.140438
0.140367
0.140297
0.140226
0.140256
0.140211
 0.14014
0.140095
  0.1401
0.140105
 0.14016
 0.14014
0.140145
  0.1401
 0.14008
0.140135
0.140165
 0.14012
  0.1401
0.140055
0.140035
0.140065
0.140045
 0.14005
0.140005
 0.14001
 0.13999
0.139921
0.139851
0.139782
0.139737
0.139668
0.139624
0.139629
0.139634
 0.13959
0.139521
0.139476
0.139407
0.139339
 0.13927
0.139226
 0.13928
0.139261
0.139242
0.139198
0.139129
0.139061
0.139017
0.138949
 0.13893
0.138862
0.138892
0.138873
0.138829
0.138834
0.138913
 0.13887
0.138924
0.138954
0.138984
0.138965
0.138921
0.138854
 0.13881
0.138791
0.138846
0.138875
0.138856
0.138886
0.138892
0.138921
   0.139
0.138956
0.138913
0.138991
0.139021
0.139002
0.138935
 0.13894
0.138873
0.138806
0.138739
0.138671
0.138605
0.138562
0.138591
0.138549
0.138506
0.138487
0.138421
 0.13845
0.138408
0.138389
0.138371
0.138377
0.138334
 0.13834
0.138369
0.138447
0.138428
0.138434
0.138416
0.138373
0.138403
0.138408
0.138414
0.138372
0.138353
0.138287
0.138221
0.138155
 0.13809
0.138048
 0.13803
0.137964
0.137922
0.137856
0.137815
0.137915
0.137921
 0.13788
0.137862
0.137796
0.137802
0.137737
0.137766
0.137701
 0.13766
0.137595
  0.1376
0.137559
0.137494
0.137429
0.137388
0.137347
0.137306
0.137265
0.137224
0.137159
0.137189
0.137124
0.137107
0.137089
0.137048
0.137008
0.136967
0.136903
0.136838
0.136798
0.136757
0.136693
0.136676
0.136612
0.136548
0.136485
0.136421
0.136474
0.136457
 0.13651
0.136446
0.136406
0.136412
0.136372
0.136332
0.136315
0.136298
0.136235
0.136172
0.136155
0.136138
0.136191
0.136151
0.136157
0.136233
 0.13624
0.136292
0.136299
0.136305
0.136311
0.136248
0.136255
0.136215
0.136198
0.136181
0.136165
0.136148
0.136132
0.136092
0.136075
0.136036
0.136042
0.136026
0.135963
0.135993
0.135953
 0.13596
0.135989
0.136018
0.136002
0.136031
0.136129
 0.13609
0.136096
0.136125
0.136154
0.136115
0.136053
0.136082
0.136088
 0.13614
0.136101
0.136085
0.136091
0.136075
0.136104
0.136064
0.136025
0.136122
0.136129
 0.13609
0.136073
0.136057
0.136063
0.136002
 0.13594
0.135879
0.135863
0.135914
0.135921
0.135882
0.135843
0.135804
0.135743
0.135772
0.135734
0.135695
0.135656
0.135618
0.135557
0.135496
0.135458
0.135419
0.135359
0.135298
0.135237
0.135222
0.135228
0.135213
0.135152
0.135114
0.135054
0.135038
0.134978
0.135007
0.134946
0.134953
0.134893
0.134833
0.134773
 0.13478
0.134786
0.134771
0.134756
 0.13474
0.134791
0.134776
0.134783
0.134789
0.134818
0.134847
0.134832
0.134861
0.134845
0.134852
0.134947
0.134998
0.135004
0.135011
0.134996
0.134958
0.135053
0.135015
   0.135
0.134941
0.134881
0.134822
0.134785
0.134835
0.134842
0.134848
0.134833
0.134796
0.134759
0.134722
0.134706
0.134691
0.134698
0.134683
0.134624
0.134631
0.134659
0.134666
0.134607
 0.13457
0.134642
0.134584
0.134568
 0.13451
0.134473
0.134458
0.134443
0.134428
0.134413
0.134398
0.134361
0.134325
0.134418
0.134447
0.134389
0.134395
0.134424
0.134366
0.134351
0.134336
0.134321
0.134328
0.134399
0.134384
 0.13437
0.134376
0.134383
0.134455
0.134526
0.134597
0.134625
0.134632
0.134639
0.134688
0.134716
 0.13468
0.134772
  0.1348
 0.13485
0.134964
0.134949
0.134912
0.134919
0.134968
0.134974
0.134959
0.134966
0.134951
0.134936
0.134964
0.134927
0.134913
 0.13494
0.134904
0.134868
 0.13481
0.134774
0.134717
0.134702
0.134645
0.134609
0.134552
0.134516
0.134459
0.134402
0.134345
 0.13433
0.134294
0.134258
0.134202
0.134166
 0.13413
0.134116
0.134101
 0.13415
0.134115
0.134079
0.134128
0.134114
0.134121
0.134148
0.134176
0.134141
0.134084
0.134091
0.134034
 0.13402
0.134006
0.134055
0.134019
0.133984
0.133949
0.133914
0.133878
0.133822
0.133808
0.133773
0.133759
0.133787
0.133752
0.133779
0.133828
0.133793
0.133779
0.133765
0.133771
0.133757
0.133743
0.133708
0.133736
0.133743
0.133708
0.133735
0.133763
0.133728
0.133776
0.133783
0.133748
0.133714
 0.13372
0.133706
0.133672
0.133616
0.133582
0.133526
0.133471
0.133437
0.133464
0.133471
0.133416
0.133382
0.133347
0.133313
0.133278
0.133244
0.133189
0.133155
0.133182
 0.13323
0.133237
0.133224
0.133169
0.133237
0.133224
 0.13319
0.133217
0.133203
0.133149
0.133217
0.133204
 0.13317
0.133156
0.133101
0.133047
0.133034
0.132979
0.132925
0.132891
0.132837
0.132783
 0.13281
0.132776
0.132722
0.132668
0.132634
0.132621
0.132608
0.132615
0.132602
0.132548
0.132494
 0.13244
0.132468
0.132434
 0.13238
0.132327
0.132293
 0.13224
0.132227
0.132173
 0.13212
0.132127
0.132114
0.132121
0.132068
0.132015
0.131981
0.132029
0.132056
0.132044
 0.13201
0.131977
0.131965
0.131952
0.131919
0.131926
0.131913
 0.13192
0.131968
0.131995
0.131962
0.131949
0.131957
0.131924
0.131911
0.131878
0.131825
0.131773