0.0885292
0.0884984
0.0884278
0.0883971
0.0883665
0.0882962
0.0882657
0.0882353
0.0884035
0.0883333
0.0884219
0.0884311
0.0884402
0.0884098
0.0883794
0.0883491
0.0883583
0.0883281
0.0882585
0.0882677
0.0881983
0.0882075
0.0882168
0.0881868
0.0881176
0.0880878
0.0880188
0.0880673
0.0880766
0.0880078
0.0879781
0.0879875
0.0879579
0.0879283
0.0879377
 0.087986
0.0882284
 0.088354
0.0883631
0.0884884
0.0886522
0.0886997
0.0887858
0.0887558
0.0887259
0.0887346
0.0886662
0.0885978
0.0886066
0.0885769
0.0885088
0.0884793
0.0884497
0.0884586
0.0885824
0.0885911
0.0886381
0.0886086
0.0887319
0.0887023
0.0887872
0.0887957
0.0888423
0.0888128
0.0888213
0.0888298
0.0888762
0.0888088
0.0887415
0.0886742
0.0886071
0.0885401
0.0884732
0.0884441
0.0884906
0.0884615
0.0885079
0.0884413
0.0883747
0.0883835
0.0883546
0.0883634
0.0883346
0.0884183
0.0884644
0.0883982
0.0883321
0.0883408
0.0884242
0.0885448
0.0886279
0.0886364
0.0885704
0.0885789
0.0885502
0.0887073
0.0887157
0.0887611
0.0888436
0.0888889
0.0889341
0.0890902
0.0890613
0.0890325
0.0890406
0.0890118
0.0890199
0.0889912
0.0889993
0.0890809
0.0891256
0.0890602
0.0892517
0.0894062
0.0894139
0.0894583
0.0894294
0.0895468
0.0897005
0.0897445
0.0898249
0.0898688
0.0898762
0.0899563
0.0898909
0.0898256
0.0898693
0.0898041
0.0897752
0.0897101
0.0896814
0.0896165
 0.089624
0.0896315
0.0895668
0.0895743
0.0896179
0.0896254
0.0895608
0.0895324
 0.089468
0.0894397
0.0894113
0.0893831
0.0893548
0.0892908
0.0892627
0.0892704
0.0892066
0.0891786
0.0891149
0.0890514
0.0890235
0.0889601
0.0888968
0.0888336
0.0887704
0.0887429
0.0887154
0.0886525
0.0885897
0.0885623
0.0885704
0.0885785
0.0885159
0.0884534
0.0884263
0.0883992
0.0884426
0.0884155
 0.088494
0.0884669
0.0884048
0.0884129
0.0883509
 0.088359
0.0884373
0.0885504
0.0886634
0.0886713
0.0887491
 0.088757
 0.088695
0.0886681
0.0887456
0.0887883
0.0887613
0.0886996
0.0886379
0.0886111
 0.088619
0.0886963
0.0887041
0.0886427
0.0885813
0.0886238
0.0886317
 0.088674
0.0887164
0.0887241
0.0888008
0.0887741
0.0888162
0.0887895
0.0888316
0.0888049
0.0887783
 0.088786
0.0887594
0.0887329
0.0887064
0.0887141
 0.088756
0.0887978
0.0888737
0.0889154
0.0889571
0.0888965
0.0888359
0.0888435
0.0888851
0.0889266
0.0889681
0.0889756
0.0889492
0.0890583
0.0890318
0.0891407
0.0890805
0.0891554
0.0891627
0.0891363
0.0890762
0.0890499
0.0891246
0.0891992
0.0891392
0.0891465
0.0891874
0.0892282
0.0892689
0.0893097
0.0893168
 0.089257
0.0892308
0.0892714
0.0892786
0.0892857
0.0893262
   0.0894
0.0893738
0.0893142
0.0892548
0.0892952
0.0892691
0.0892762
0.0892833
0.0892241
 0.089165
0.0891722
0.0892455
0.0892857
0.0892928
0.0892338
0.0892409
 0.089248
0.0892881
0.0892951
0.0893351
0.0892763
0.0893162
0.0892576
0.0892646
0.0892717
0.0892131
0.0891547
 0.089129
0.0891034
0.0890451
0.0891503
0.0892227
0.0893277
 0.089302
0.0892438
0.0892182
0.0892253
0.0891672
0.0891092
0.0891813
0.0891558
0.0891304
0.0892023
0.0892417
0.0892163
0.0891909
 0.089295
0.0893019
0.0892765
0.0892189
0.0892258
0.0892005
0.0891753
0.0891822
0.0892214
0.0892605
0.0893638
0.0894669
0.0894416
0.0893842
 0.089359
0.0893338
0.0894686
0.0895074
 0.089546
0.0895527
0.0894955
0.0895022
0.0895408
0.0897068
0.0897771
0.0899109
0.0898855
0.0898284
 0.089803
 0.089746
0.0896891
0.0896322
0.0896071
0.0895503
0.0895253
0.0895952
0.0895702
0.0895768
0.0895518
0.0895268
0.0895334
 0.089477
0.0894836
0.0894588
0.0894969
0.0895349
0.0895729
 0.089548
0.0895546
0.0895925
0.0895677
0.0895116
0.0895494
0.0896498
0.0896875
0.0897252
0.0897628
0.0897068
0.0897132
0.0896885
 0.089726
0.0896702
0.0898632
0.0899316
     0.09
0.0900683
0.0900744
0.0900806
0.0902416
0.0902477
0.0901918
 0.090167
0.0901422
0.0901482
 0.090216
0.0901604
0.0901048
0.0900801
0.0900554
0.0900615
0.0900984
0.0900738
0.0900799
0.0900859
 0.090092
0.0901288
0.0901042
 0.090049
0.0900245
0.0900612
0.0900061
0.0901344
0.0901709
0.0901159
 0.090122
0.0901889
 0.090134
0.0900791
0.0900852
0.0900912
0.0900668
0.0900425
0.0899879
0.0899333
0.0899091
0.0898849
0.0899516
0.0899879
0.0899335
0.0899094
0.0899155
0.0899517
0.0898975
0.0899036
0.0899699
0.0900361
0.0900722
0.0900481
 0.090024
  0.08997
 0.089916
 0.089892
0.0898381
0.0897843
0.0897904
0.0897367
0.0898026
0.0898087
0.0898148
0.0899104
0.0899463
0.0900716
0.0901371
0.0901429
 0.090119
0.0901249
0.0901308
 0.090107
0.0900831
0.0901187
0.0901542
  0.09016
0.0901659
0.0901421
0.0901183
0.0901242
  0.09013
0.0901654
0.0902302
 0.090295
0.0903007
0.0903064
0.0903121
0.0902884
0.0902353
0.0902116
 0.090188
0.0901351
0.0901702
0.0902053
0.0902989
0.0903046
0.0903981
0.0903745
0.0904094
0.0904442
0.0904206
0.0904262
0.0905193
0.0905539
0.0905886
0.0906232
0.0906577
0.0906632
0.0906686
0.0906159
0.0905633
0.0905688
0.0906032
0.0905507
0.0904983
0.0904459
0.0905093
0.0905437
 0.090578
0.0906412
 0.090791
0.0909983
  0.09109
0.0911239
0.0912154
0.0912781
0.0913694
0.0914606
0.0914368
0.0913843
 0.091504
0.0915663
0.0915711
0.0915186
0.0914948
0.0914997
0.0915332
0.0915094
0.0915143
0.0915191
0.0915525
0.0915003
0.0914766
 0.091567
0.0915148
0.0914912
0.0914676
 0.091444
0.0914773
0.0914821
0.0915721
0.0915485
0.0916383
0.0916147
0.0916761
0.0916808
0.0916572
0.0917185
0.0917797
0.0918408
0.0918454
0.0918782
0.0918828
0.0918592
0.0918637
 0.091812
0.0918166
0.0917931
0.0917416
0.0916901
0.0916386
0.0915872
0.0915639
0.0915126
0.0915174
0.0914661
 0.091443
0.0914198
0.0914246
0.0914015
0.0913504
0.0913274
0.0912765
0.0912256
0.0911748
0.0911797
 0.091129
0.0910784
0.0910278
0.0910605
  0.09101
0.0909595
0.0909091
0.0908587
0.0908084
0.0907582
 0.090708
0.0906578
0.0906906
0.0906681
0.0906181
0.0905681
0.0905182
0.0904683
0.0904736
0.0904513
0.0905116
0.0904893
 0.090467
0.0904723
0.0904775
0.0905101
0.0904605
0.0904932
0.0904436
0.0903941
0.0903446
0.0902952
0.0902732
0.0902239
0.0901747
0.0901255
0.0900763
0.0900545
0.0900599
0.0900381
0.0899891
0.0899674
0.0899185
0.0898968
0.0898751
0.0898806
0.0898861
0.0898645
0.0898429
0.0898755
0.0899351
0.0899135
0.0898919
0.0898974
0.0899568
0.0899352
0.0899137
0.0899191
0.0898976
0.0900108
0.0899623
0.0899139
0.0898656
0.0898442
0.0898765
0.0898551
0.0898337
0.0898391
0.0898178
0.0898232
0.0897752
0.0897271
0.0896791
0.0896312
  0.08961
0.0896156
0.0896211
0.0896267
0.0896055
0.0896377
  0.08959
0.0895689
0.0895479
0.0895003
0.0895058
0.0894849
0.0894639
0.0894164
0.0893955
0.0893482
0.0893803
 0.089333
0.0893122
0.0893178
0.0893235
0.0893819
0.0893611
 0.089314
0.0892669
 0.089378
0.0894362
0.0894155
0.0894474
0.0895318
0.0895373
0.0895428
0.0896271
0.0896325
0.0895855
0.0895385
0.0895702
0.0895233
0.0894764
0.0894558
0.0894351
0.0894668
0.0894201
0.0893734
0.0893528
0.0893584
0.0893379
0.0893695
 0.089375
0.0893805
0.0894121
0.0893916
0.0893451
0.0893247
0.0892783
0.0892579
0.0892635
0.0892691
0.0892487
0.0892802
0.0893116
0.0893171
0.0893226
0.0893798
0.0893337
0.0893134
0.0892931
0.0892728
0.0893299
0.0894127
0.0894439
0.0894236
 0.089429
0.0894344
0.0894142
0.0894196
0.0893737
0.0893535
0.0893077
0.0893132
0.0893443
0.0893241
0.0893296
0.0894118
0.0893916
0.0894226
0.0894025
0.0894079
0.0893878
0.0893677
0.0893731
0.0893276
0.0892821
0.0892366
0.0892421
0.0892476
0.0892022
0.0892331
 0.089264
 0.089244
0.0891988
0.0891536
0.0891337
0.0890886
0.0891447
0.0892008
0.0892315
 0.089237
0.0892677
0.0892226
0.0892281
0.0892083
0.0891633
0.0891436
0.0890987
0.0890539
0.0890594
  0.08909
0.0891457
0.0891512
0.0891315
 0.089137
0.0891675
 0.089198
0.0891784
0.0891337
0.0891391
0.0892196
  0.08925
0.0892804
0.0892607
0.0892911
0.0892964
0.0893516
0.0893569
0.0893622
0.0893924
0.0893479
0.0893035
0.0892591
0.0892147
0.0891952
0.0892006
 0.089206
0.0892361
0.0892414
0.0891972
0.0892026
0.0892327
 0.089238
0.0892681
0.0892486
0.0892787
0.0893333
 0.089388
0.0893932
0.0893738
0.0893544
0.0893842
0.0894141
0.0893947
0.0893753
0.0894051
0.0893857
0.0893664
0.0894207
0.0894014
0.0893575
0.0893382
0.0892945
0.0892507
0.0892315
0.0891879
0.0891687
0.0891251
0.0891304
0.0891357
0.0891166
0.0890732
0.0890541
0.0890107
0.0890648
0.0890701
0.0891241
0.0891051
 0.089159
0.0891399
0.0891452
0.0891019
0.0891072
0.0891853
0.0891663
0.0891715
0.0892252
0.0892062
0.0892114
0.0891683
0.0891493
0.0892029
0.0891598
0.0892375
0.0892909
0.0893202
0.0893012
0.0893064
0.0893837
0.0893888
0.0893699
0.0893269
0.0894041
0.0894332
0.0894143
0.0894434
0.0894964
0.0895733
0.0896023
0.0896312
0.0896601
0.0896172
0.0895983
0.0896033
0.0897038
0.0897326
0.0897136
0.0896947
0.0896519
 0.089633
0.0895903
0.0895714
0.0896002
0.0895814
0.0895863
0.0895913
0.0896437
0.0896486
0.0896535
0.0896347
0.0896396
0.0896209
0.0896021
0.0895597
0.0895883
0.0895932
0.0895508
0.0895558
0.0895607
0.0895184
0.0894762
 0.089434
0.0894625
 0.089491
0.0895195
0.0894774
0.0894588
0.0894403
0.0894217
0.0894267
0.0894786
0.0894836
 0.089465
  0.08947
0.0894515
 0.089433
0.0894379
0.0894663
0.0895414
0.0894995
0.0894577
0.0894393
0.0893975
0.0893557
0.0893374
0.0892957
0.0892774
0.0892591
0.0892408
0.0892458
0.0892508
0.0892326
0.0892143
0.0891729
0.0891314
0.0890901
0.0890487
0.0890538
0.0890357
0.0889944
0.0890227
0.0890972
0.0891254
0.0891073
0.0891123
0.0891174
0.0891917
0.0891967
0.0891786
0.0892066
0.0892577
0.0892166
0.0891985
0.0891575
0.0892085
0.0892364
0.0892644
0.0893612
 0.089412
0.0893939
0.0893988
0.0894037
0.0893856
0.0893676
0.0893953
 0.089446
0.0894966
0.0895242
0.0895748
0.0895795
0.0896528
0.0896804
0.0896851
0.0897582
0.0897173
 0.089722
0.0897039
0.0896858
0.0896677
0.0896724
0.0896317
0.0896818
0.0896638
0.0896685
0.0896959
0.0896552
0.0896372
0.0896419
0.0896013
0.0895833
0.0896107
0.0895928
0.0895749
0.0895344
0.0894939
0.0894535
0.0894808
0.0894856
0.0894903
0.0895401
0.0895674
0.0895721
0.0895543
 0.089604
0.0895861
0.0895683
0.0895506
0.0895103
0.0894926
0.0894524
0.0894123
0.0894619
0.0894442
0.0894041
0.0894089
 0.089436
0.0894407
0.0894902
0.0894949
0.0894549
0.0894149
0.0893973
0.0893574
0.0893176
0.0892778
0.0892602
0.0892205
0.0891808
0.0891411
0.0891681
 0.089173
0.0891778
0.0891604
 0.089143
0.0891922
 0.089197
0.0892461
0.0892287
0.0892335
0.0892383
0.0892652
0.0893363
0.0893189
0.0893236
0.0894167
0.0894655
0.0894923
0.0894528
0.0894574
0.0894621
0.0894667
0.0894493
 0.089498
0.0895467
0.0896172
0.0896438
0.0896923
0.0896749
0.0896574
  0.08964
0.0896226
0.0896053
0.0895879
0.0895706
0.0895313
 0.089514
0.0894748
0.0894357
0.0894185
0.0893794
0.0893403
0.0893013
0.0892842
0.0892888
0.0893153
  0.08932
0.0893028
0.0893728
0.0894428
0.0894038
0.0893649
0.0893478
0.0893525
0.0894005
0.0894051
0.0893663
0.0893492
0.0893539
0.0894018
0.0893847
 0.089346
0.0893074
0.0892687
0.0892301
0.0892131
0.0891746
0.0891577
0.0891408
0.0891454
0.0891501
0.0891979
0.0892241
0.0893365
0.0893411
0.0893026
0.0892857
0.0892903
0.0892519
0.0892566
0.0892397
0.0892658
0.0892918
0.0892535
0.0892581
0.0893056
0.0893102
0.0892934
0.0893836
0.0893881
0.0894568
0.0894399
0.0894658
 0.089449
0.0894108
0.0894153
0.0894411
0.0894243
0.0894501
0.0894333
0.0894378
 0.089421
0.0894468
  0.08943
0.0894133
0.0893965
0.0893585
0.0893418
0.0893039
 0.089266
0.0892706
0.0892539
0.0892373
0.0892207
0.0892252
0.0892086
0.0892132
0.0892178
0.0892223
0.0892057
0.0891892
0.0891938
0.0892194
0.0891818
0.0891653
0.0891698
0.0891955
0.0891789
0.0891835
0.0892091
0.0891716
0.0891341
0.0891597
0.0891852
0.0891898
0.0891733
0.0891988
0.0891614
 0.089145
0.0891077
0.0890704
 0.089054
0.0890377
0.0890422
0.0890259
0.0890096
0.0889933
0.0889562
 0.088919
0.0888819
0.0888657
0.0888287
0.0887917
0.0888172
0.0888426
0.0888473
0.0888519
0.0888773
0.0888404
0.0888035
0.0887874
 0.088792
0.0888382
0.0888221
0.0888682
0.0888521
0.0888774
 0.088882
0.0888866
0.0889119
0.0889165
0.0889004
0.0888843
0.0889302
0.0888935
0.0889393
0.0889851
0.0889897
 0.088953
0.0889576
0.0889415
0.0889461
0.0889506
0.0889552
0.0890214
0.0890464
0.0890509
0.0890554
0.0890189
0.0889824
0.0889664
0.0889504
0.0889549
 0.088939
 0.088923
0.0888866
0.0888502
0.0888344
0.0888389
0.0888026
0.0888072
0.0888118
0.0888163
0.0888209
0.0888051
0.0887689
0.0887327
0.0887169
0.0887011
 0.088665
 0.088629
0.0885929
0.0885772
0.0886022
0.0886068
0.0886521
0.0886364
0.0886004
0.0885848
0.0885488
 0.088513
0.0884771
0.0884615
 0.088446
0.0884102
0.0883744
0.0883387
0.0883232
0.0882876
0.0882519
0.0882365
0.0882614
 0.088246
0.0882306
0.0882353
0.0881998
0.0881844
 0.088169
0.0882341
0.0881986
0.0881632
0.0881479
0.0881526
0.0881373
0.0881621
0.0881669
0.0881516
0.0881162
 0.088121
0.0881658
0.0881505
0.0882353