          1     4.32876     18.7382     81.1131     351.119     1519.91     6579.33     28480.4      123285      533670 2.31013e+06       1e+07
          1     1.43604     2.99391     11.5732     45.7973     251.441     3569.92      454216 2.22573e+08 3.28297e+08 1.36172e+09       1e+07
          1     1.16995     1.83949     4.88357     20.6988     104.672     1369.42      226184 2.94451e+09 5.30784e+09 2.75478e+10       1e+07
          1     1.07693     1.44622     2.80535     10.2326     51.6725     648.858      112083  1.3305e+10 3.94425e+10 2.51043e+11       1e+07
          1     1.04652     1.24144     1.95018     5.81272     28.5153     351.387     58144.7 4.35517e+10  2.4826e+11  2.0532e+12       1e+07
          1     1.13758     1.24779     1.63727      4.2292     17.5499     207.157     34484.2 9.31831e+10 1.45258e+12 1.21086e+13       1e+07
          1     1.25775     1.33598     1.62647     3.45013     10.8453     126.363     21169.6 1.91468e+11 5.92024e+12 4.17696e+13       1e+07
          1     1.15994     1.28579     1.54766     2.67604     7.40147     80.4326     13333.6 2.81817e+11 2.62374e+13 1.69095e+14       1e+07
          1     1.11651     1.20449     1.39386     2.09161     5.22251     51.7137     9164.17 3.40561e+11 1.25347e+14 5.99936e+14       1e+07
          1      1.0792     1.18718     1.31243     1.76786     3.88831     34.6647     5925.87 3.35741e+11 5.46543e+14 2.66931e+15       1e+07
          1     1.08491     1.15542     1.23039     1.53451     2.98149     23.0863        4090 2.90309e+11 1.75548e+15 8.25025e+15       1e+07
          1     1.15899     1.20588     1.25453     1.46184     2.46398     16.7454     2779.93 1.99815e+11 5.81518e+15 2.78318e+16       1e+07
          1      1.2017     1.23551     1.26984     1.42358      2.1352     11.6202     1999.24 1.34396e+11 2.29396e+16 8.68847e+16       1e+07
          1     1.20512     1.25143     1.27611     1.40018     1.88835     10.9094     1379.04 8.90441e+10 7.80254e+16 2.77645e+17       1e+07
          1      1.1608     1.23552     1.26289     1.37952     1.71553     9.17253     983.214 6.33948e+10 2.87698e+17 9.07571e+17       1e+07
          1     1.12206     1.20452     1.26632     1.35193      1.6045     7.11164     701.091 4.59692e+10  9.3329e+17 2.30973e+18       1e+07
          1     1.09203     1.17647     1.26306     1.32731     1.50009     5.57378     504.254 3.50917e+10 2.52819e+18 6.90892e+18       1e+07
          1     1.09515     1.15846     1.27714     1.32188     1.45345     4.79408     370.994 2.57716e+10 6.45471e+18 1.94089e+19       1e+07
          1      1.0891     1.13681     1.30964     1.34269     1.45493     3.94304     280.259 1.86755e+10 1.45841e+19 5.24066e+19       1e+07
          1     1.10416     1.15853     1.32735     1.35287     1.51417     3.39809     210.926 1.41745e+10 4.01934e+19 1.39305e+20       1e+07
          1     1.09447     1.18689      1.3832     1.40297     1.64542     3.05505     154.466  1.0877e+10 1.06541e+20 3.46448e+20       1e+07
          1     1.08023     1.19239     1.42463      1.4403     1.76048      2.8038     122.868 8.43753e+09 3.04844e+20 8.88688e+20       1e+07
          1     1.06977     1.22255     1.49644     1.52923     1.77158     2.57849     99.3338 6.52651e+09 7.95772e+20 2.08788e+21       1e+07
          1     1.05686       1.206     1.47385     1.53397     1.72174     2.41207     81.7545 5.05747e+09 1.77692e+21 4.59705e+21       1e+07
          1     1.04396      1.1907     1.46227     1.55416     1.69635     2.27154     66.1839 3.86533e+09 4.22183e+21 1.01273e+22       1e+07
          1     1.04161     1.19683     1.46469     1.60156     1.74539      2.2507     53.3736 3.10279e+09 9.53338e+21 2.18527e+22       1e+07
          1     1.05461     1.22435     1.51839     1.69286     1.86488     2.26056     41.5048 2.50879e+09 2.11231e+22 4.70789e+22       1e+07
          1     1.05383     1.19156     1.49708     1.71274     1.91036     2.24094     32.4739  1.9872e+09  5.1681e+22 1.07764e+23       1e+07
          1     1.04502     1.18932      1.4427     1.65262     1.88547     2.14599     26.6543 1.53234e+09 1.21851e+23 2.40403e+23       1e+07
          1     1.03653     1.17684     1.40662      1.6383     1.87727     2.08241      21.774 1.24137e+09 2.56177e+23 4.83104e+23       1e+07
          1     1.04757     1.16099     1.34898     1.59079     1.81992     2.02283     17.7457 9.73404e+08 5.07843e+23 9.60736e+23       1e+07
          1     1.06032     1.15446     1.31856     1.56448      1.8083      1.9864     14.8127 7.78456e+08  1.0348e+24 1.90529e+24       1e+07
          1     1.07117     1.17967     1.34448     1.59453     1.79348     1.93828     11.9975 6.10451e+08 2.00543e+24 3.66146e+24       1e+07
          1     1.06758     1.18511     1.36756     1.61784      1.7772     1.90972     10.0737 4.98383e+08  3.9203e+24  7.2414e+24       1e+07
          1     1.06863      1.1671     1.37399     1.64461     1.77631     1.95396     8.60335 4.05148e+08 6.99604e+24  1.4083e+25       1e+07
          1     1.06485     1.17369     1.38642     1.72509     1.89007     2.04064     7.38356 3.20161e+08 1.17177e+25 2.47957e+25       1e+07
          1     1.06139     1.19345     1.44743     1.79813     1.98654     2.10919     6.49768 2.61533e+08 2.31354e+25 4.63348e+25       1e+07
          1     1.05242     1.18867     1.45496     1.80605     2.05514     2.22405     5.87219 2.15852e+08 4.16038e+25 8.43439e+25       1e+07
          1     1.06169     1.19255     1.45319     1.80909     2.09682     2.27392     5.27776 1.79342e+08 7.62719e+25 1.57882e+26       1e+07
          1     1.05937     1.18059     1.43707     1.78476      2.1406     2.30469     4.79468 1.48142e+08 1.42523e+26 2.94306e+26       1e+07
          1     1.06114      1.1655     1.40293     1.81407       2.209     2.44209     4.50813 1.24819e+08 2.71625e+26 5.86261e+26       1e+07
          1     1.07033     1.16862     1.40192     1.82571     2.29353     2.60208     4.33843 1.02279e+08 5.15411e+26  1.0776e+27       1e+07
          1      1.0662      1.1699     1.42941     1.86781     2.40041     2.81033     4.25628  8.3359e+07 9.07425e+26  2.0177e+27       1e+07
          1     1.06643     1.17309     1.45106     1.87517     2.47999     3.03248     4.22024 7.06418e+07 1.73603e+27 3.59531e+27       1e+07
          1     1.07796     1.19373     1.53834     2.03238     2.79991     3.59142     4.59698 5.91399e+07 3.05422e+27 6.36228e+27       1e+07
          1      1.0902     1.24162     1.62358     2.25349      3.1449     4.28353     5.12779 4.85574e+07 5.10858e+27 1.10328e+28       1e+07
          1     1.11568     1.27921      1.7062     2.44941     3.54829     5.05157     5.75445 4.10666e+07 8.92154e+27 1.89159e+28       1e+07
          1     1.13132     1.31071     1.80251     2.68768     4.03617     6.00744      6.5978 3.41263e+07 1.55473e+28 3.35064e+28       1e+07
          1     1.13029     1.32662     1.88305     3.06995     4.84263     7.43703     7.95343 2.90446e+07 2.72588e+28 5.89358e+28       1e+07
          1     1.15997     1.35602     1.94019     3.30449     5.60455     8.99508     9.43149  2.4664e+07 4.74683e+28 1.01563e+29       1e+07
          1     1.14309     1.40453     2.03443     3.49848     6.11378     10.0486     10.4321 2.03395e+07 7.16195e+28 1.68912e+29       1e+07
          1     1.13508     1.42134     2.10289     3.83869     6.77309      10.651     11.0022 1.73648e+07 1.15893e+29 2.83148e+29       1e+07
          1     1.13863     1.42309     2.13461     4.11646     7.73415     12.3691     12.7087 1.48941e+07 1.94839e+29  4.6868e+29       1e+07
          1     1.15116     1.41093     2.17302     4.38599      8.5472     14.4453     14.8175  1.3151e+07 3.39553e+29 7.83112e+29       1e+07
          1     1.14867     1.41324     2.22685     4.50314     9.54605     16.9499      17.361 1.13858e+07  5.6388e+29 1.30185e+30       1e+07
          1     1.13565     1.39543     2.24745     4.54601     10.3012     18.2894     18.7923 9.68142e+06 8.53258e+29 2.06848e+30       1e+07
          1     1.12901     1.39622     2.27494     4.70339     10.4747      19.111     19.7947 8.05455e+06 1.62807e+30 3.51381e+30       1e+07
          1     1.10829     1.37724     2.25113     4.82198     11.1233     21.4184     22.4975 6.79685e+06 2.46872e+30 5.34233e+30       1e+07
          1      1.0929     1.39684     2.31098     4.84732     10.7791     23.4255     25.0811 5.80846e+06 4.05982e+30 8.93044e+30       1e+07
          1     1.08447     1.37289     2.22481     4.64681     11.6223     27.1738     29.6946 5.14169e+06 6.45362e+30 1.41746e+31       1e+07
          1     1.09818       1.361     2.16843     4.73049     11.9338     27.3744     31.5271 4.51462e+06 9.80559e+30 2.19881e+31       1e+07
          1     1.10234     1.38844     2.25924     4.87721     13.9416      27.645      33.733 3.91284e+06 1.60458e+31 3.59356e+31       1e+07
          1     1.09919     1.39664     2.25353     4.88524     13.8632     27.6941     35.4818 3.45381e+06 2.47993e+31 5.56395e+31       1e+07
          1     1.08964     1.37912     2.22822     4.81734     15.0917     31.4524     41.8498 3.03219e+06 3.69001e+31 8.61669e+31       1e+07
          1     1.08811     1.38409     2.30283     4.96231     15.2887     36.0199     51.1614 2.57162e+06 5.54452e+31 1.32497e+32       1e+07
          1     1.08999      1.3808       2.309     4.87564     16.7068     38.5842     57.5523 2.22339e+06 8.80018e+31 2.11559e+32       1e+07
          1     1.11321     1.38998     2.28214     5.00659     16.9731     41.4143     63.9753 1.94445e+06 1.36136e+32 3.30922e+32       1e+07
          1     1.11301      1.3993     2.29016     5.17475     17.9894      42.803     71.9933 1.71522e+06 1.97349e+32 5.03167e+32       1e+07
          1     1.13184     1.42122     2.29168     5.34816     19.5128      44.869     78.1417 1.50541e+06 2.96099e+32 7.53647e+32       1e+07
          1      1.1348     1.42433     2.24902     5.44155     20.8688     48.6824      88.968 1.31628e+06   4.521e+32 1.15667e+33       1e+07
          1     1.13487     1.43571     2.25763     5.53311     21.3387     51.3881     102.451 1.13556e+06 6.82596e+32 1.73405e+33       1e+07
          1     1.12073     1.42166     2.21214     5.26518     21.8595     53.6305     114.561      997332 9.94047e+32 2.64685e+33       1e+07
          1     1.10928     1.42386      2.2128     5.00711     21.4704     53.5121      121.37      872583 1.45889e+33 4.13141e+33       1e+07
          1      1.0984     1.43057     2.28455     5.10795     21.1183     52.4118     124.041      783379 2.11026e+33 6.14203e+33       1e+07
          1     1.09633     1.43453     2.30543     5.13195     21.1025     50.9935     127.285      675379  3.0667e+33 9.46951e+33       1e+07
          1     1.09875     1.45487     2.34286     5.19744     20.2039     48.6128     131.277      586982 4.43305e+33 1.45696e+34       1e+07
          1     1.10205     1.45477     2.35006     5.11927     19.3878      46.545     140.563      506549 6.21752e+33 2.10993e+34       1e+07
          1     1.10439     1.45245     2.33685     5.13187     18.9977     50.9514     137.403      451384 9.13516e+33 3.14263e+34       1e+07
          1     1.11025     1.45211     2.36391     5.03192      18.444     50.2868     138.541      400672 1.36762e+34 4.86432e+34       1e+07
          1     1.11721     1.47901     2.41055     5.09509      19.212     55.9966     145.301      352737 1.84455e+34 7.15213e+34       1e+07
          1     1.10742     1.47248     2.41857     5.24858      19.524     60.3023     152.266      311506 2.57444e+34 1.04898e+35       1e+07
          1     1.10048     1.47163     2.42004      5.4058     19.5084     57.8646     162.275      276549  3.5385e+34 1.51859e+35       1e+07
          1       1.095     1.45098     2.37786     5.31302     19.9654     62.6006     164.244      248180 5.09617e+34 2.35577e+35       1e+07
          1     1.10216     1.44654     2.37284     5.34298      20.498      61.274     166.772      217263 7.15858e+34 3.43878e+35       1e+07
          1     1.10747      1.4328     2.34393     5.24341     20.4473     56.2948     181.838      190779 1.02772e+35 5.21244e+35       1e+07
          1     1.10895     1.43074     2.41489     5.51436     19.9812     53.7474     192.131      168945  1.5044e+35 7.78305e+35       1e+07
          1     1.10451     1.41205     2.38671     5.54342     19.5137      49.669     182.764      148569 2.19304e+35 1.15562e+36       1e+07
          1     1.11008     1.42534     2.44389     5.62316     19.3153     49.1515      170.41      130737 2.82252e+35 1.70048e+36       1e+07
          1     1.11441     1.42843       2.499     5.57521     18.9177     48.3754     165.574      115625 3.76407e+35 2.45291e+36       1e+07
          1     1.10553     1.42888     2.51109     5.44732     19.0926     50.6533     163.528      100914 4.74137e+35 3.62798e+36       1e+07
          1     1.10472     1.43357     2.56336     5.55269     19.5668     51.7057     156.385     88983.9 5.86584e+35 5.34957e+36       1e+07
          1     1.10354     1.41199     2.53768     5.72315       20.31     55.6865     158.723     79872.9 7.91752e+35 8.06817e+36       1e+07
          1     1.10883      1.3946     2.50809     5.62672     20.8165      53.475     150.809     70976.3  1.0704e+36 1.14933e+37       1e+07
          1     1.11156     1.39774     2.52253      5.7994     21.9982     52.6276     148.268     62718.2 1.53171e+36 1.62809e+37       1e+07
          1     1.10875     1.39287     2.47708     5.51155     22.2148     55.8039     165.331     56766.7 2.00677e+36 2.34886e+37       1e+07
          1     1.11157     1.39821     2.47631     5.44756     21.9173     56.8017       161.8     50808.6 2.71197e+36 3.36231e+37       1e+07
          1     1.12133     1.39538     2.45927     5.48237     22.3898     59.0974     157.705     45406.8 3.57845e+36 4.85762e+37       1e+07
          1     1.11563     1.38266     2.40611     5.35675     21.9439     62.0798     166.266     40700.8  4.4753e+36 6.70569e+37       1e+07
          1     1.10876     1.36829     2.35847     5.22693     21.3831     58.9723     169.223     35799.9 5.74238e+36 9.89828e+37       1e+07
          1     1.10491     1.35162     2.30162     5.10639     20.9667      59.638     171.763     31960.9  7.1944e+36 1.43111e+38       1e+07
          1     1.09795     1.34403      2.2397     4.92858     21.5856     58.6832     169.846     28488.7 8.28396e+36 2.13417e+38       1e+07
          1     1.09467     1.34436     2.20355     4.91193     20.8893     56.7999     166.853     25535.4 9.39258e+36 3.18412e+38       1e+07
          1     1.09564     1.34359     2.16772     4.77777     19.5168     53.4061     172.349     22771.5 1.06298e+37 4.69258e+38       1e+07
          1     1.09404     1.32629     2.08636     4.54742     18.8536      55.934     169.562     20595.7 1.23845e+37 6.40521e+38       1e+07
          1     1.08498     1.30189      2.0392     4.38777     18.0839     58.0745       178.9       18284 1.31291e+37 8.39336e+38       1e+07
          1     1.08427     1.29214     1.97335     4.41993      17.382     59.5545      179.06     16475.5 1.44575e+37 1.20337e+39       1e+07
          1     1.09006     1.28945     1.93956     4.22351     17.0279     57.9446     182.152     14512.7 1.63723e+37 1.74697e+39       1e+07
          1     1.09403     1.29671      1.9525     4.32477     17.1404     60.2995     181.209     13040.7 1.75033e+37 2.49243e+39       1e+07
          1     1.10947     1.33684     2.04996     4.35144     16.8346     58.9587     173.005     11934.9 1.73016e+37 3.55131e+39       1e+07
          1      1.1352     1.38376     2.09651     4.38816      16.314      57.083     168.214     10774.1 1.78557e+37 4.99198e+39       1e+07
          1     1.15892     1.44187     2.15397     4.35381     16.7548     55.2409     172.218     9805.44 1.76011e+37 7.39703e+39       1e+07
          1      1.1821     1.48303      2.2187     4.38024     16.6471     54.3247     165.398     9020.76 1.80579e+37 9.92591e+39       1e+07
          1     1.17848     1.49107     2.30096     4.84914      19.538     53.5718     164.952     8106.37  1.7864e+37 1.39483e+40       1e+07
          1     1.19303     1.55841     2.48355     5.44355     20.9135     51.8773     157.261     7337.52 1.72653e+37 2.01976e+40       1e+07
          1     1.20609      1.6147     2.58702     5.63206      21.137     53.1535     157.037     6583.85 1.64721e+37  3.1976e+40       1e+07
          1     1.23563     1.68371     2.72592     5.68862     20.3745      53.141     151.147     5884.37 1.57588e+37 4.63208e+40       1e+07
          1     1.24006     1.72158     2.81598     5.98372     20.8284     52.5656     147.635     5317.95 1.48396e+37 6.53637e+40       1e+07
          1     1.25659     1.77751     2.95617     6.13427       19.93     52.2699     139.748     4813.02 1.43912e+37 8.76798e+40       1e+07
          1     1.27774      1.8069     2.97124     6.17233     20.5077     54.4404     151.345     4349.15 1.32281e+37 1.20049e+41       1e+07
          1     1.31384     1.83605     3.04564     6.51222     20.9531     55.0829     156.621     3964.36 1.21897e+37   1.657e+41       1e+07
          1     1.36366       1.987     3.36575      7.2263     21.3604     57.1511      155.69     3562.99 1.15809e+37 2.41322e+41       1e+07
          1     1.39442     2.07496     3.52223     7.37808     20.9838     56.8648     152.573     3251.49 1.05906e+37 3.33224e+41       1e+07
          1      1.3899     2.10271     3.73868     8.12428      21.072     57.2474     159.298     2955.41 9.67831e+36 4.55418e+41       1e+07
          1     1.39141     2.11263     3.98211      8.4911     21.0851      59.743     159.892     2683.66 8.98252e+36  6.5844e+41       1e+07
          1     1.37719     2.12171     4.06701     9.06088     21.7068     62.6586     169.251     2475.51 8.13692e+36 9.14167e+41       1e+07
          1     1.38338     2.14109     4.29499     9.46286     22.8677     62.7271     177.852        2325 7.49917e+36  1.2946e+42       1e+07
          1     1.35375     2.21994     4.73276     10.2553     23.6855     63.1691     185.015     2132.38 6.78342e+36  1.7402e+42       1e+07
          1     1.36804     2.23662     4.87176      10.948     24.8552     63.9965     183.615     1953.63  6.1891e+36 2.33656e+42       1e+07
          1     1.34788     2.34017       5.204     11.6559     25.4686     63.2721     189.811      1786.1 5.53738e+36 3.27677e+42       1e+07
          1     1.36527     2.38849     5.49588     13.2356     28.5337     66.8391     197.289     1665.04 4.98608e+36 4.71271e+42       1e+07
          1      1.3544     2.40943     5.66737     14.4862      29.576     68.7296     205.433     1518.32 4.48456e+36  6.4383e+42       1e+07
          1      1.3839     2.48767     5.84923     15.4279     33.7263     70.8507     216.475     1400.84 4.05371e+36 9.18164e+42       1e+07
          1     1.35352     2.46967     5.72883     15.7031     37.4459     74.8246       222.9     1299.34 3.62947e+36 1.22275e+43       1e+07
          1     1.33045     2.41026     5.96189     16.7738     39.8365     81.6326     229.041     1223.51 3.32339e+36 1.61734e+43       1e+07
          1     1.30151     2.56439     6.34482     17.0066     40.2499     82.9944     237.039     1159.29 2.94316e+36 2.20031e+43       1e+07
          1      1.2745     2.57978     6.52366     17.3584      42.316       84.66     247.005     1078.61 2.65176e+36 3.02526e+43       1e+07
          1     1.25082     2.55703     6.71436     17.7722     43.0256     89.3771      262.87        1027 2.40047e+36 4.31413e+43       1e+07
          1     1.23131     2.44127     6.73338     17.2229     42.3517     88.8764     275.588     977.891 2.19272e+36 6.02332e+43       1e+07
          1     1.21699     2.43194     6.87292     18.2423     46.5944     91.3314     295.047     928.905 1.99644e+36 7.97864e+43       1e+07
          1     1.22032     2.44419     6.86478     19.5462     50.5565     95.7888     302.625      886.03  1.8186e+36 1.10855e+44       1e+07
          1     1.22308     2.44811     7.14851     21.5639     54.0718     102.704     309.026      845.71 1.67865e+36 1.50797e+44       1e+07
          1     1.22546     2.47151     7.32396     21.3798     56.3198     104.924      302.44     798.072 1.53117e+36 2.08444e+44       1e+07
          1     1.23759     2.43385     7.20682     22.1499     57.4163     106.572     316.774     760.132 1.40309e+36 2.79021e+44       1e+07
          1     1.25761     2.46319     7.63635     22.8934      61.137     109.941     315.388     725.188 1.28495e+36 3.63799e+44       1e+07
          1     1.27864     2.45681     8.30971     26.1915     65.5125     118.559     331.281     703.609 1.17206e+36 4.79267e+44       1e+07
          1     1.27924     2.47773     8.74597     27.7072     68.6185     122.516     328.596     669.842 1.06121e+36 6.41504e+44       1e+07
          1     1.28863     2.45806     8.68942     30.0477     77.7695      133.02     340.269     663.301 9.46462e+35 8.09001e+44       1e+07
          1      1.3135     2.42339     8.47504     29.2005     74.8427     135.474     338.613     666.551 8.64813e+35 1.12387e+45       1e+07
          1     1.30779     2.47367     8.29046     30.5628     72.8667     142.861     345.898     722.782 7.92444e+35 1.54253e+45       1e+07
          1     1.34674     2.50041     8.05043     30.2026     71.7928     150.402      355.05     776.439 7.30038e+35 2.09735e+45       1e+07
          1      1.3894     2.49564     8.00514     29.7248     79.2043     157.158     367.067     820.564 6.65406e+35 2.84864e+45       1e+07
          1     1.40401     2.58737     8.46426     28.7651     75.9619     168.231     387.287      863.64 5.99604e+35 3.89716e+45       1e+07
          1     1.38452     2.62531      8.3693     27.8359     72.9355     172.001     403.846     901.722   5.519e+35 5.32638e+45       1e+07
          1     1.38805     2.65493     8.46679     30.5389     79.1398     172.287     412.043     953.288 5.07271e+35 7.03847e+45       1e+07
          1     1.39727     2.61723     8.24285     31.0789     85.2886     174.301     436.086     1014.74 4.59067e+35 9.52312e+45       1e+07
          1     1.43418     2.70351     8.36801      31.806     85.1495     178.395     435.989      1055.8 4.24278e+35  1.2838e+46       1e+07
          1      1.4273     2.69312     8.52314      31.666     86.5597     177.199     436.927     1064.57 3.87061e+35 1.74798e+46       1e+07
          1     1.40741     2.68907     8.42556     31.0084     92.3382     180.933     453.537     1123.84 3.53204e+35 2.38433e+46       1e+07
          1     1.39289     2.66233     9.03526     31.4838     94.0317     184.309     463.726     1168.03 3.23723e+35 3.27575e+46       1e+07
          1     1.41943     2.65374     9.33404     31.6147     91.9734     188.166     477.569      1221.4 2.96783e+35 4.20427e+46       1e+07
          1     1.41995     2.67778     9.43646     30.0501     91.7788     194.047     476.106     1260.59 2.68838e+35 5.67316e+46       1e+07
          1      1.3988     2.72221      9.8303      29.688     92.1644     199.553     507.648     1257.14 2.45788e+35 7.96131e+46       1e+07
          1     1.41847     2.66307     9.39649     32.9526     92.5467     210.397     559.562     1254.64  2.2747e+35 1.07824e+47       1e+07
          1     1.41763     2.71958     9.16374     36.2293     90.9886     213.871     553.659     1318.42  2.0723e+35 1.42834e+47       1e+07
          1     1.40244     2.67457     9.13295     38.0822     88.5099     209.003     551.251     1329.98 1.89002e+35 2.01475e+47       1e+07
          1     1.38181     2.67588     9.38384     41.4002     89.6716     208.967     550.436     1368.77 1.74091e+35  2.6791e+47       1e+07
          1      1.3558     2.66256     9.53472     40.3766     84.8839     205.064      571.95      1409.9 1.61157e+35 3.64536e+47       1e+07
          1     1.33461     2.60521     9.48121     41.4314     85.2996     202.624     555.612     1467.46 1.47783e+35 4.99553e+47       1e+07
          1     1.35255     2.52604     9.40718     42.2284     91.4201     207.417     541.357     1426.76 1.34579e+35 6.50823e+47       1e+07
          1     1.34564     2.56537     9.01505     44.0446     95.4672     225.297     530.835     1446.88 1.21528e+35 8.40722e+47       1e+07
          1     1.35328      2.4963     8.63005     43.6472     95.3332      230.96     551.464     1434.83 1.10987e+35  1.1227e+48       1e+07
          1     1.35582     2.39997     8.19157      41.703     99.0507     236.202     555.589     1469.12  1.0142e+35 1.46358e+48       1e+07
          1     1.32978      2.4268      8.0937     38.9386     96.8856     255.455     564.103     1488.66 9.34731e+34 1.96708e+48       1e+07
          1     1.31965      2.4117     8.29968     43.1168     103.196     265.887     562.354     1590.38 8.71948e+34 2.60097e+48       1e+07
          1     1.29381     2.51908      8.0329     40.2297     104.881     272.878     586.561     1651.71 7.98313e+34  3.4632e+48       1e+07
          1     1.27397     2.54023     8.17077     37.6017     105.104     283.402     589.738     1774.85 7.29338e+34 4.50249e+48       1e+07
          1     1.24967     2.42705     8.38047     35.9165     104.277     283.752     587.998     1849.62 6.64392e+34 5.85022e+48       1e+07
          1     1.22749     2.32579     8.16669     34.2857     113.966     282.596      585.78     1882.35 6.12338e+34 7.77439e+48       1e+07
          1     1.20918     2.23141     7.74702     33.0007     117.698     283.804     590.001     1860.04 5.57185e+34 1.02199e+49       1e+07
          1     1.19416     2.12572     7.83579     30.8767     113.451     285.703     594.302     1904.56 5.15813e+34 1.33591e+49       1e+07
          1     1.17689     2.02995     7.82602     30.5256     110.836     281.106      609.45     1906.36  4.7702e+34 1.79941e+49       1e+07
          1     1.16709     1.95753     7.98477     30.8884     104.102     276.435     610.129     1964.36 4.39344e+34 2.36146e+49       1e+07
          1     1.15815     1.92157     7.81379     32.8294     100.539     270.806     610.516     2043.78 4.09852e+34 3.25816e+49       1e+07
          1     1.15086     1.88727     7.45479     33.6781     98.0753     267.219     615.224     2102.17 3.75959e+34 4.20606e+49       1e+07
          1     1.15624     1.90374     7.32316     34.4194     96.0556     269.016     610.462      2124.8 3.39876e+34 5.55101e+49       1e+07
          1     1.18804     1.87882     7.19816     36.1271     96.5488     263.654     620.006     2236.11 3.11276e+34 7.43194e+49       1e+07
          1     1.20618      1.8475     6.91668      34.114     103.155     262.039     618.493     2358.94  2.8703e+34 9.62354e+49       1e+07
          1     1.20242     1.81107     6.70411     34.0245     102.544     261.885     622.187     2500.13 2.64747e+34 1.21465e+50       1e+07
          1     1.20883     1.78296     7.31113     32.3645     105.391     275.733     633.918     2449.08  2.4532e+34 1.65564e+50       1e+07
          1     1.23628     1.77147     6.92728     31.2251     103.481     265.415     641.523     2497.93 2.26411e+34 2.12949e+50       1e+07
          1     1.22953     1.73021     6.48354     29.1943     97.1951     253.782     668.043     2577.89 2.09712e+34 2.93488e+50       1e+07
          1     1.22004      1.6839     6.05212     26.8077     93.2803     240.416      694.88     2610.95 1.92388e+34 3.70611e+50       1e+07
          1      1.2076     1.64382     6.10091     25.1894     96.5963     232.349     684.275     2816.78 1.77883e+34 4.89131e+50       1e+07
          1     1.23384     1.65325     5.80754      23.483     96.4292     227.184     658.109      2902.6 1.63963e+34  6.4202e+50       1e+07
          1     1.25716     1.68031     5.54315     23.2639     90.9316     219.469     638.807     2852.79 1.48606e+34 8.11652e+50       1e+07
          1     1.28692      1.7613     5.34153     21.9945      88.789     232.769     625.581     2834.67 1.37123e+34 1.01299e+51       1e+07
          1     1.32069     1.87476     5.19115     22.0023     83.8689     235.923     626.262     2790.76  1.2516e+34  1.2793e+51       1e+07
          1     1.34201     1.94826     5.01166     24.0717      82.024      225.25     640.002     2647.79 1.17958e+34 1.67108e+51       1e+07
          1     1.36127     2.03634     4.85389     26.9313     85.1151     225.012     667.789      2534.9 1.07695e+34 2.11323e+51       1e+07
          1     1.35643     2.04277     4.64839     29.2494     82.9977      223.99     657.544     2455.77 9.95817e+33 2.88775e+51       1e+07
          1     1.38283     2.06544     4.45941     28.6334     80.3785     218.264     645.651     2330.37  9.4442e+33 3.73809e+51       1e+07
          1     1.39527     2.12323     4.33448     26.7927     78.5665     207.067     629.584      2245.6  8.8103e+33 4.67473e+51       1e+07
          1     1.39526     2.16101      4.2249     28.2344     78.6207     199.169     611.242     2190.22 8.06843e+33  5.8438e+51       1e+07
          1     1.40076     2.21142     4.11891      26.519     76.1349     195.984     586.008     2085.24 7.53211e+33 7.48141e+51       1e+07
          1     1.41442     2.28202     4.05403     26.0008     73.8639     186.201     592.475     1995.53 6.93872e+33 9.66679e+51       1e+07
          1     1.42862      2.3468     4.00597     24.5623     69.1009     180.954      561.65     1897.54 6.42313e+33 1.28828e+52       1e+07
          1     1.45253     2.33367     4.06859     22.7771     67.0865     177.407     552.953     1880.87 5.88892e+33 1.63917e+52       1e+07
          1      1.4368     2.41555     4.43687     21.6306     63.1647     169.447     528.054     1818.89   5.482e+33  2.0205e+52       1e+07
          1     1.43955     2.45253      4.7376     20.7167     59.5258     165.322     502.598     1714.76 5.00205e+33 2.51963e+52       1e+07
          1     1.46535     2.54164     5.17185      19.966     62.0973     165.386     482.441     1627.96 4.63912e+33 3.35031e+52       1e+07
          1     1.49705     2.62672     5.47148     18.9576     64.9211     169.749      487.65     1596.58  4.2938e+33 4.43076e+52       1e+07
          1     1.51685     2.68437     5.64422     18.0281     62.9157     163.133     480.858     1542.37 3.89749e+33 5.73175e+52       1e+07
          1       1.502     2.69658     5.90614     17.4256     60.0492     158.353     491.757     1502.69 3.57247e+33 7.28865e+52       1e+07
          1     1.47951     2.70471     6.14915     17.2572     57.8629     159.002     481.759     1487.71 3.29443e+33 9.57721e+52       1e+07
          1      1.4465     2.71309     6.63395     19.1125     59.0114     154.776      484.47     1445.48 3.04071e+33 1.26973e+53       1e+07
          1     1.41789     2.70788     6.88626     19.0266     58.2918     149.655     504.388      1404.3 2.79853e+33 1.64296e+53       1e+07
          1      1.3895     2.64529     6.97535     19.0685     58.3246     151.714     501.533     1384.47 2.59084e+33 2.08517e+53       1e+07
          1     1.37039     2.56085      6.7712     18.9137     55.7726     149.829     476.525     1329.22 2.40807e+33 2.70196e+53       1e+07
          1     1.35331     2.54828     6.82501     19.2809      56.946     152.043     457.966     1333.26 2.21551e+33 3.57458e+53       1e+07
          1      1.3266     2.58585     6.85245     20.2491      58.149     162.793     447.006     1298.16 2.04905e+33 4.40489e+53       1e+07
          1     1.31093     2.50795     7.00691     22.5021     59.7259      160.79     452.732     1299.52 1.89805e+33 5.83433e+53       1e+07
          1     1.32044     2.47445     7.35264     25.2362      60.913     160.523     452.633     1288.64 1.76243e+33  7.6508e+53       1e+07
          1     1.31311     2.45469     7.52511     24.7321     62.1208     158.428     435.331     1358.77 1.62151e+33 9.98052e+53       1e+07
          1     1.32222     2.48555     7.77518     24.4768     66.0582     159.623      425.28     1367.24  1.4837e+33 1.27131e+54       1e+07
          1     1.30585       2.481      7.8281      23.419     65.7166     155.922     430.123     1419.98  1.3772e+33 1.65663e+54       1e+07
          1     1.28416     2.47952     8.10569     23.1424     64.9033       154.5      448.33     1471.51 1.27402e+33 2.10817e+54       1e+07
          1     1.27024     2.48508     8.25425     24.1224     64.8608      152.18     441.748     1503.58 1.17044e+33 2.73161e+54       1e+07
          1     1.25062     2.45794     8.41746     24.4909     62.8192     149.923     443.987     1530.91 1.07168e+33 3.52137e+54       1e+07
          1     1.23511     2.42852     8.36829     25.3466     64.5352     152.529     445.453     1478.88 9.81396e+32 4.38333e+54       1e+07
          1     1.22287     2.44066     8.37233     25.5794     65.4658     157.033      445.83     1586.24  9.0085e+32 5.71053e+54       1e+07
          1     1.20911     2.41185     8.33201     27.4026     65.4969     161.106     442.875     1641.01 8.21231e+32 7.11826e+54       1e+07
          1     1.19782     2.48794     8.39279     27.2582     68.8699     171.458     452.398     1688.57 7.54037e+32 9.03324e+54       1e+07
          1      1.1855      2.5609     8.14228     26.3815     71.2099     171.549     447.554     1676.04 7.02964e+32  1.1939e+55       1e+07
          1     1.18085     2.69935     7.96506     28.3289     71.9201     167.394      432.45     1694.35 6.51077e+32 1.61717e+55       1e+07
          1      1.1878     2.62744     8.19322     28.1159      72.328     166.216     418.442     1618.24 6.06486e+32 2.04935e+55       1e+07
          1      1.2046      2.6548     7.89093     28.6111     70.4116     159.572     425.929     1626.74  5.5957e+32 2.77901e+55       1e+07
          1     1.19852      2.5894     7.77628     28.5504     67.9395     163.753     436.748     1597.87 5.18236e+32 3.54266e+55       1e+07
          1     1.18824     2.49319     7.66216     29.4271     69.4396       162.2     426.694     1579.67 4.82931e+32 4.50407e+55       1e+07
          1     1.17731     2.44148     7.71464     30.1657     72.8089       165.6     431.599     1571.07  4.4422e+32 5.73686e+55       1e+07
          1     1.16725     2.49925     8.10028     33.1073     77.5177     171.533     427.283     1558.09 4.11023e+32 7.12438e+55       1e+07
          1     1.15614     2.58728     8.28168     32.3808     77.2087     168.226     413.258      1616.1 3.78208e+32 8.92414e+55       1e+07
          1     1.15121     2.57046     8.35024     31.0493     76.2875     164.958     404.698     1568.02 3.51685e+32 1.11242e+56       1e+07
          1     1.14778     2.46594     8.61007     29.9122     73.5473     157.504     411.114     1558.97  3.2502e+32 1.42401e+56       1e+07
          1     1.14929     2.39455     8.18284     29.6514     74.6951      154.74     404.513     1573.28 3.01647e+32 1.86766e+56       1e+07
          1     1.14545     2.33882     8.14638        28.1     72.6212     162.455     414.219     1546.39 2.83149e+32 2.38352e+56       1e+07
          1      1.1584     2.27447     8.10172     26.6767     71.6228     174.432     457.528     1530.89 2.65296e+32  3.0677e+56       1e+07
          1     1.15807     2.21797     7.77632     25.8984     70.6828     178.521     468.795     1590.22 2.48006e+32 4.01735e+56       1e+07
          1     1.15723     2.14969     7.45402     25.7666     69.7164     170.405       486.6     1649.71 2.29986e+32 5.29356e+56       1e+07
          1     1.15666     2.11106     7.28966     26.9238     70.7493     173.068      496.91     1652.75  2.1244e+32 6.91006e+56       1e+07
          1     1.15619      2.0999     7.21448     25.4958     68.0477     170.772     491.446     1699.19 1.97059e+32 8.99595e+56       1e+07
          1     1.15708     2.05869     6.80174     26.1053     66.3576     167.042     490.023     1718.59 1.83267e+32 1.17065e+57       1e+07
          1     1.14917     2.08646       6.878     25.0737     64.7045     173.573     480.217     1742.05 1.71309e+32 1.52603e+57       1e+07
          1     1.14666     2.02598     6.71837     23.9725     61.4574      174.34     471.923     1664.89 1.56837e+32 1.98844e+57       1e+07
          1     1.15237     1.98801     6.59016     25.0515     60.5658     181.186     463.505     1660.38 1.44091e+32 2.46204e+57       1e+07
          1     1.14923      1.9858     6.53423     25.9766      61.175     185.355     483.608     1626.36 1.32764e+32 3.06062e+57       1e+07
          1     1.16696     1.95523     6.27943     27.4873     62.2011     179.844     491.716     1569.19 1.23908e+32  3.8367e+57       1e+07
          1     1.17092       1.907     6.30343     26.3422     66.7647     178.056     486.459     1573.88 1.16278e+32 4.96823e+57       1e+07
          1     1.18527     1.88424     6.35542     26.2802     66.1553     175.139      498.67     1618.09  1.0718e+32 6.51529e+57       1e+07
          1     1.22035     1.87492     6.19208     26.6441     64.0321     173.933     492.938     1571.47 9.94684e+31 8.08664e+57       1e+07
          1     1.21763     1.87245     6.12554     25.5194     64.1655     173.873     487.822     1562.11 9.01372e+31 1.02319e+58       1e+07
          1     1.20428     1.85601     6.25034     26.6326     64.7067     168.423     482.208     1546.33 8.39509e+31 1.35758e+58       1e+07
          1     1.19101     1.83216     6.17117     26.8387     62.8185     170.889     475.507     1539.06 7.84076e+31 1.76938e+58       1e+07
          1     1.19339     1.81085     6.14187     27.8498     62.6645     177.917     485.082     1557.13 7.27555e+31 2.31004e+58       1e+07
          1     1.22165     1.81453     5.83926     28.0684     66.0383       175.1     493.063     1592.05 6.76539e+31 2.93081e+58       1e+07
          1     1.25157     1.81273     5.80767     27.2763     68.9785     176.109     495.851     1630.56 6.18897e+31 3.59042e+58       1e+07
          1     1.24881     1.80977     5.95102      26.142     67.3421     179.073     520.458     1611.55 5.76039e+31 4.53167e+58       1e+07
          1     1.24295     1.80057     6.27486     25.6423      71.031     180.222     519.098     1673.98 5.31997e+31 5.89201e+58       1e+07
          1      1.2306     1.81312     6.40617     26.1522     71.5079     179.127     518.952     1734.22 4.91717e+31 7.33519e+58       1e+07
          1     1.22166     1.82072     6.45675     24.9976     70.8498     176.108     550.792      1760.3 4.66015e+31 8.83948e+58       1e+07
          1     1.22658     1.83079     6.58753     23.8506     67.3303     180.559     555.028     1747.83 4.34241e+31 1.13797e+59       1e+07
          1     1.21685     1.85249     6.61791     25.7854     65.9661      180.31     557.845     1807.49 4.05226e+31 1.49276e+59       1e+07
          1     1.21419      1.8888     6.68155      26.777     67.0332     180.508      539.19     1843.65 3.76471e+31 1.84767e+59       1e+07
          1     1.21547     1.90521     6.74312     28.5825     69.1589     174.641     542.003     1895.88 3.52119e+31 2.35023e+59       1e+07
          1     1.22878     1.91835      6.7401     28.1057     71.5225     171.559     530.227     1965.53 3.25092e+31  3.0137e+59       1e+07
          1     1.26166     1.92597     6.67956     26.5473     75.3171     170.766     528.639     1964.07  3.0609e+31 3.84645e+59       1e+07
          1     1.29126     1.96182     6.45372     25.5405     78.0198     171.024     518.686     2006.77 2.89152e+31 4.77395e+59       1e+07
          1     1.27793     1.94745     6.52867     26.1409      82.701     173.057     515.157     2050.36 2.69323e+31 6.25771e+59       1e+07
          1     1.25905     1.94862     6.46081     25.2209     84.4532      172.98     499.797     2048.32  2.5139e+31 7.63117e+59       1e+07
          1     1.25861     1.95919     6.38243     24.7288     81.6211     179.501     522.635     1993.68 2.33996e+31 9.48139e+59       1e+07
          1     1.27147     1.92837     6.14444     24.5651     81.0819     180.875     538.657     1955.99 2.19094e+31 1.23077e+60       1e+07
          1     1.26686      1.9769     6.02281     24.0278     83.9601     183.702     547.309     1924.47 2.08856e+31  1.5573e+60       1e+07
          1     1.27012     1.95752     5.94038     24.4134     82.4842     181.392     544.534     1891.27 1.95589e+31 1.97381e+60       1e+07
          1     1.25537     1.94243     6.30712     23.9831     79.5548      180.18     547.225     1807.27 1.82829e+31 2.48519e+60       1e+07
          1     1.24304     1.96483     6.49218     23.8889     76.6139     184.919     549.907     1859.78 1.70969e+31 3.14107e+60       1e+07
          1     1.22925     1.98246     6.43843     24.4466     73.7483     187.771     542.398     1798.68 1.57783e+31 3.91921e+60       1e+07
          1     1.21687     1.99782     6.67045     24.3862     72.6391     183.244     579.583     1798.37 1.47691e+31  4.9499e+60       1e+07
          1     1.20581     1.98788     6.59321     24.2262     69.6644     173.672      562.72     1737.97 1.36927e+31 6.08279e+60       1e+07
          1     1.19722      1.9766     6.74624     25.1882     67.9108     170.934     553.459     1676.42 1.29239e+31  7.4111e+60       1e+07
          1     1.19653      1.9649     6.86734     26.2724     66.3165     167.467     541.791     1704.03 1.21298e+31 9.50757e+60       1e+07
          1     1.19522     1.96414     7.10915     27.3177     66.8079     167.188     526.747     1733.04 1.13282e+31 1.20166e+61       1e+07
          1     1.19368     1.96971     7.25231     30.1981     68.6897     167.673     518.195     1742.57 1.05874e+31 1.54988e+61       1e+07
          1     1.19416     1.98849     7.07357     30.4049     67.4816     172.687     500.196     1782.69 9.84045e+30  1.9332e+61       1e+07
          1     1.20538     2.01553     7.40714     29.4132     67.3657     181.611     516.158      1783.6 9.25717e+30 2.43546e+61       1e+07
          1     1.21367     2.01356     7.53006      28.861     67.5172     178.412     523.675     1814.16 8.67115e+30  3.0796e+61       1e+07
          1     1.22831     2.04573     7.55799     28.3824       67.23     180.455     516.669      1760.7 8.14867e+30 3.94912e+61       1e+07
          1     1.23682     2.09915     7.71517     28.3748     67.3947     176.705     509.876     1747.67  7.6794e+30 5.07252e+61       1e+07
          1     1.25571     2.12434     7.87784     28.1732     65.4809      181.16     494.834     1731.74 7.25006e+30  6.3937e+61       1e+07
          1     1.24494      2.1392     7.61426      27.298     62.7757     184.179     516.269     1688.91 6.74312e+30 7.70179e+61       1e+07
          1     1.25118     2.10198     7.44417      27.809     61.2119     177.448     521.891     1641.51 6.34315e+30  9.5247e+61       1e+07
          1     1.28297     2.17764     7.31899     27.2796     58.7697     175.354     527.361     1653.09 5.94935e+30  1.1872e+62       1e+07
          1     1.30632     2.17719     7.25054     27.7263     57.7887     170.667      511.37     1637.69 5.56273e+30 1.42312e+62       1e+07
          1     1.28871     2.17254     7.06106     27.3643     55.8058     170.108     531.295     1597.64 5.22363e+30 1.75475e+62       1e+07
          1     1.28199     2.20089     7.33568     28.2497     56.0335     170.162         522     1515.32 4.84287e+30 2.14992e+62       1e+07
          1     1.28442     2.20257     7.38029      28.786     55.4746     170.365     516.599     1556.61 4.54635e+30 2.75905e+62       1e+07
          1     1.28886     2.22781     7.49499     28.5321     57.0095     171.183     496.912     1563.58   4.271e+30 3.49663e+62       1e+07
          1      1.3062     2.26873     8.01143     29.9946     60.3728     172.707     479.532     1523.73 4.02286e+30 4.43853e+62       1e+07
          1     1.31021     2.32516     8.07554     29.6193     63.4942      173.41     466.038     1476.36 3.77388e+30 5.48611e+62       1e+07
          1     1.30383      2.3734     8.12123      28.965     65.9409      175.79     466.906     1442.21 3.51814e+30 7.02916e+62       1e+07
          1     1.30409     2.45014     8.65855     28.4409     68.0757     169.739     452.549     1432.09 3.27203e+30 8.45838e+62       1e+07
          1     1.29001     2.39262     8.55186     27.2264      68.435     176.026     444.851     1422.92 3.05843e+30 1.05503e+63       1e+07
          1     1.27714     2.40253     8.76381     26.4452     69.8294     174.097     431.996     1407.19 2.85027e+30 1.27148e+63       1e+07
          1     1.30326     2.39007     8.87291     28.8773     72.0517     174.497     465.264     1402.28 2.67124e+30 1.56289e+63       1e+07
          1     1.30414     2.46784     8.96878      28.726     72.2235     178.729     484.828     1395.45 2.51617e+30 1.92811e+63       1e+07
          1     1.33654     2.56138     9.04279     27.7569     70.3939     173.051     476.771     1426.03 2.34284e+30 2.36372e+63       1e+07
          1     1.33036     2.56624     8.99534     27.8308     69.6931     178.919     471.235     1483.69 2.21653e+30 3.00257e+63       1e+07
          1     1.31212     2.54077     9.36851     28.9273     77.8379     182.925     486.046     1533.21 2.07942e+30  3.6932e+63       1e+07
          1     1.30226     2.45085     9.96868     28.8255     79.3721     182.551     496.541     1529.54 1.94273e+30 4.48732e+63       1e+07
          1     1.29414     2.43954     9.96814     28.0201     77.5866     190.917     496.678     1535.56 1.82734e+30 5.38631e+63       1e+07
          1     1.28075     2.36959     9.98245     28.4086     74.8014     196.564     523.602     1530.56 1.71694e+30 6.69848e+63       1e+07
          1     1.27549     2.32333     9.61068     28.7236     71.9514     201.531     517.268     1546.89 1.60355e+30 8.41068e+63       1e+07
          1     1.29547     2.31123      9.5636     30.3343      71.265     205.026      519.17     1518.12  1.4843e+30 1.05781e+64       1e+07
          1     1.29146     2.28728     9.67073     31.0382     69.5117     205.939     507.948     1572.17 1.39927e+30 1.32735e+64       1e+07
          1     1.30342     2.27592     9.20737     30.8153      67.222     211.254     503.795     1641.51 1.30384e+30 1.65848e+64       1e+07
          1     1.30021     2.35727     8.98041      30.466     65.8811     206.698     517.014     1636.75 1.22192e+30 2.07567e+64       1e+07
          1     1.32309     2.39788     9.52585      29.953     67.3097     201.421     499.275     1661.84 1.13711e+30 2.55643e+64       1e+07
          1      1.3145     2.42248     9.80061     30.0313     66.2235     200.684     493.589     1637.09 1.05698e+30 3.27995e+64       1e+07
          1     1.33448     2.41723     10.1229     30.7639     67.0937     193.792     516.138     1609.93 9.80801e+29 4.00574e+64       1e+07
          1     1.36596     2.40309     10.2614     30.2414     65.5015     192.698     518.236     1571.49 9.22017e+29 4.92912e+64       1e+07
          1     1.36421     2.37935     10.1528      31.691     65.2091     199.725     510.185     1626.47 8.60844e+29 6.18327e+64       1e+07
          1     1.38286     2.39704     9.88631     32.4806     67.0981     193.345     531.777     1608.77 8.04294e+29 7.63372e+64       1e+07
          1     1.43173     2.49887     9.98111     31.6946     66.9957     186.964     522.491     1627.78 7.53791e+29 9.68218e+64       1e+07
          1     1.41991     2.52479     9.63514     30.8954     68.4811      181.08     503.949     1617.02 7.01079e+29 1.14905e+65       1e+07
          1     1.44021      2.5191     9.55393     29.8157     71.3372     179.114      496.14     1598.31 6.55599e+29 1.47929e+65       1e+07
          1     1.43603     2.49418     9.47327     30.0323     70.3812     185.499     486.137     1647.06 6.12037e+29 1.85634e+65       1e+07
          1     1.42864     2.46312     9.55385     28.8955      67.695     190.173     474.517     1609.63 5.76862e+29 2.27969e+65       1e+07
          1      1.4228     2.43939     9.46154     31.0406      68.897     186.974     459.115     1553.59 5.40854e+29 2.80973e+65       1e+07
          1     1.40204     2.43248     9.44422     30.9615     68.7026     190.937     453.366     1547.89 5.08825e+29 3.52292e+65       1e+07
          1     1.38288     2.45094     9.39295     33.9218     70.6332     195.032     450.695     1514.27  4.7574e+29 4.15915e+65       1e+07
          1     1.36449     2.48543     9.83435     33.7162     71.3267     193.811     453.128     1543.54 4.46173e+29 5.07272e+65       1e+07
          1     1.34231     2.47541     9.93525     34.5162     75.8501     193.251     469.488     1536.09 4.14812e+29 6.51498e+65       1e+07
          1     1.34544     2.40959     10.5564     34.5007     78.9259       199.5     481.284     1534.66 3.87747e+29  8.1734e+65       1e+07
          1     1.32915     2.32955     10.9752     34.0759     80.8565     197.482     487.752     1560.49 3.62892e+29  1.0153e+66       1e+07
          1     1.32645     2.33524     10.7167     34.1023      82.093     199.685     499.805      1606.1 3.35319e+29 1.21576e+66       1e+07
          1     1.31678     2.27219     11.0206     36.4457     85.9891     202.171     503.989     1573.81 3.15176e+29 1.49496e+66       1e+07
          1      1.3058     2.23668     10.7053     35.1571     86.3815     196.741      501.02      1541.7  2.9834e+29 1.86612e+66       1e+07
          1     1.31671      2.2705     10.7796     33.9651     88.2701     193.104     507.538     1573.59 2.79963e+29 2.31986e+66       1e+07
          1     1.33006     2.28805      10.936     32.6728     91.5427     199.578      501.49     1605.61 2.65048e+29  2.8448e+66       1e+07
          1     1.32626     2.30406     10.8518     31.2421     91.7754     206.337     515.892     1550.89 2.46338e+29 3.58861e+66       1e+07
          1     1.34161     2.36152     10.3842     29.5883     90.5766     211.905      524.74     1576.01 2.27109e+29 4.43181e+66       1e+07
          1     1.33813     2.44593     10.2115     28.2414     87.4372      213.36     508.501     1608.77 2.11716e+29 5.40959e+66       1e+07
          1     1.33975      2.4782     10.2815     27.1202     85.2086     208.475     511.757     1581.24 1.97734e+29 6.75339e+66       1e+07
          1     1.33075     2.46158     10.1188     27.2333     84.7933     200.978     529.396     1538.61 1.87268e+29 8.30196e+66       1e+07
          1     1.30748     2.45295     9.78637     27.0962     81.9782     202.261      534.01     1543.17 1.76548e+29 1.02418e+67       1e+07
          1     1.29384     2.40894     9.33518     26.2517     80.3576      203.95     518.327     1539.76 1.66374e+29 1.25133e+67       1e+07
          1     1.27577     2.35822     8.82974     26.5586     79.1713     208.622     518.376     1585.94 1.54985e+29 1.53718e+67       1e+07
          1     1.26184     2.32263     8.45798     27.3373     77.6215      209.95     512.575     1644.88 1.45255e+29 1.87725e+67       1e+07
          1     1.25851     2.27968     8.09417       25.96     77.1877     215.114      496.94     1655.77 1.36517e+29 2.29202e+67       1e+07
          1     1.26494     2.24977     7.76002     24.6506     74.4442      218.07     494.134     1703.86 1.29117e+29 2.90498e+67       1e+07
          1     1.24921     2.27862     7.68269     23.6664     72.0133     220.028     497.282      1728.4 1.22197e+29 3.68084e+67       1e+07
          1     1.23712     2.24506     7.61662     23.0879     69.9914     219.423      503.91        1684 1.13241e+29 4.44888e+67       1e+07
          1     1.24085     2.20833      7.7819       23.05     67.3689     223.919     506.959     1671.78 1.05782e+29 5.47788e+67       1e+07
          1     1.24227     2.16243     8.29251     22.9725     68.8208       216.6     518.136      1675.4 9.90506e+28 6.81928e+67       1e+07
          1     1.23494     2.10313     8.49896     22.4799     68.6674     211.099     529.856     1734.92 9.30196e+28 8.34499e+67       1e+07
          1     1.22204     2.10836     8.76365     22.4776     69.7061     207.663     514.284     1759.99 8.68549e+28 1.02861e+68       1e+07
          1     1.21245     2.12884     8.84144     22.9413     71.1778     203.896     512.439        1791 8.13495e+28 1.23717e+68       1e+07
          1     1.19957     2.13328      8.7254     23.6284     75.6568     200.472     496.095     1838.16 7.70358e+28 1.47115e+68       1e+07
          1     1.18819     2.09461     8.67695     24.7444     74.4473      192.92     483.703     1856.67 7.29041e+28 1.81869e+68       1e+07
          1      1.1779      2.0551     9.09527     25.6588     74.3263     185.451     484.308     1886.71 6.86566e+28 2.24358e+68       1e+07
          1     1.17153      2.0306     9.40804     27.5175     83.9327     189.665     498.863     1858.41 6.42163e+28   2.681e+68       1e+07
          1     1.16488     2.07378     9.46088     28.4299     83.3121     200.776     495.208     1851.83 6.05457e+28  3.1441e+68       1e+07
          1     1.15835     2.04133     9.54056     30.5764      84.785     203.138     505.601     1767.04 5.67789e+28 3.83966e+68       1e+07
          1     1.15717     2.04098      9.3517     30.8998     88.8997     202.181     501.591     1772.19 5.36322e+28 4.79293e+68       1e+07
          1     1.15288     2.02827     9.16409     32.9863     89.8421     200.591     503.449     1759.14 5.03544e+28 6.03662e+68       1e+07
          1     1.14573     2.03233     8.77224     32.8009     89.6077     194.848     496.209     1780.97 4.75438e+28 7.61485e+68       1e+07
          1     1.13834      2.0337     8.63287     32.5122     93.1039     198.462     499.985     1772.74 4.45911e+28 9.20507e+68       1e+07
          1     1.13302     2.05958     8.86427     34.8094     93.3204     200.657      489.27     1787.67 4.20705e+28  1.0822e+69       1e+07
          1     1.12713     2.04093     8.71512     35.4379     93.4838     210.298     483.315     1784.88 3.96669e+28 1.32448e+69       1e+07
          1     1.12178     2.06045     8.94156     35.5538     92.3314     217.156     492.913     1735.17 3.76317e+28 1.66275e+69       1e+07
          1     1.12075     2.04422     8.95562     37.2537     91.3481     216.166     482.963     1757.76 3.53256e+28 1.98611e+69       1e+07
          1     1.12228     2.00664     8.87564     36.6587     88.6363     227.642     480.438      1762.6 3.33119e+28 2.49653e+69       1e+07
          1     1.11946     1.98862     8.86848      35.232     87.4304      233.15     497.295     1740.52 3.14331e+28 3.05242e+69       1e+07
          1     1.11386     2.00747     8.68982     34.8963     85.0374     238.746     520.827     1704.32 2.96626e+28 3.74479e+69       1e+07
          1     1.11024     1.95377     8.65391     33.9008     82.0082     229.512     548.511     1705.24 2.78379e+28  4.5102e+69       1e+07
          1     1.11157     1.93572     8.70701     35.3792     81.2296     230.625     571.055      1689.2  2.6027e+28 5.43093e+69       1e+07
          1      1.1126     1.91497     8.49592     37.6422     84.7893     226.471     588.344     1675.54  2.4484e+28 6.86704e+69       1e+07
          1      1.1101     1.89797     8.16635     37.7404     84.3946     222.584     592.335      1664.3 2.31538e+28 8.37068e+69       1e+07
          1     1.11492      1.8766     7.96951     38.1017     83.3183     230.236     585.206     1709.66 2.17962e+28 1.04259e+70       1e+07
          1     1.11274     1.88101      7.7143     38.4277      82.086     235.502     574.288      1711.6 2.06229e+28 1.30292e+70       1e+07
          1     1.10761      1.8849     7.86971     37.2712     82.1328      240.16     588.402     1680.74  1.9517e+28 1.61318e+70       1e+07
          1     1.10195     1.87197     7.60113     36.6213     81.6447     249.412     609.456     1656.84 1.82434e+28 1.94687e+70       1e+07
          1     1.09724     1.82521     7.61524       36.15     79.8887     249.017     623.946     1606.63 1.72128e+28 2.40498e+70       1e+07
          1     1.09419     1.79923     7.62303     35.6498     77.6138     249.372     627.786     1586.64 1.62105e+28 2.92759e+70       1e+07
          1      1.0986     1.76814     7.41407     34.1497     77.0612     245.203     644.512     1601.96 1.52169e+28 3.50572e+70       1e+07
          1     1.09852     1.74769     7.07528     33.1114     76.2501     240.401     624.533     1586.21  1.4348e+28 4.29653e+70       1e+07
          1     1.10016      1.7327     7.15534     32.1233      76.729     243.181     611.067     1639.06 1.34811e+28 5.26455e+70       1e+07
          1     1.09953     1.76511     7.23026     34.0489     77.4184      241.43     594.322     1627.05 1.26805e+28 6.31157e+70       1e+07
          1     1.10043     1.73608     7.09827      35.994     77.3389     236.717     591.213     1617.03 1.18999e+28 7.63348e+70       1e+07
          1     1.09822     1.70369     7.37708     34.9128     74.3795     229.827     574.756     1646.42 1.12668e+28 9.01799e+70       1e+07
          1     1.10133     1.69252     7.07714     35.9813     75.4415     223.807     581.706     1616.02  1.0636e+28 1.11393e+71       1e+07
          1     1.10684      1.6877     6.95251     34.7446     73.9488     214.568     577.925     1600.69 9.95021e+27 1.34882e+71       1e+07
          1     1.10178      1.6785     6.92556     33.5842     75.9322     209.584     572.198     1607.95 9.34496e+27 1.66236e+71       1e+07
          1     1.10685     1.65669     6.76114     32.9161     75.9156     204.238     546.839     1593.34 8.80107e+27  2.0157e+71       1e+07
          1     1.11326      1.6325     6.78621     31.9532     78.3567     201.972     574.456     1566.29 8.30747e+27 2.50091e+71       1e+07
          1     1.11071     1.61871     6.76948     31.8736     77.2506     202.558     574.799     1566.08 7.80072e+27 3.03116e+71       1e+07
          1     1.12239     1.60201     6.50027     31.6363     75.8773     197.816     555.207     1536.87 7.39624e+27 3.66655e+71       1e+07
          1     1.12352      1.5742      6.4256     32.5782     76.4758     206.157     548.471     1578.69 6.95431e+27 4.42635e+71       1e+07
          1      1.1219     1.54521     6.17184     32.5076     79.1092     202.923     558.842     1566.54 6.58764e+27 5.32351e+71       1e+07
          1       1.128     1.53332     5.95733     31.3848     79.5955     198.015     579.185     1584.82 6.19326e+27 6.52731e+71       1e+07
          1     1.12377     1.51162     5.86272     30.4522     80.1829     194.531     560.294     1621.15 5.90853e+27 7.91716e+71       1e+07
          1     1.12543      1.4941      5.9064     28.7676     79.5855     194.319     563.569     1600.26 5.54948e+27 9.75517e+71       1e+07
          1     1.12464     1.48442     5.70711     28.7404     77.8229     192.887     540.029     1597.91 5.22561e+27 1.17238e+72       1e+07
          1     1.12454     1.48118     5.76411     29.5044     76.5193     201.121     534.115      1583.9 4.93256e+27 1.43631e+72       1e+07
          1     1.13033     1.46825      5.7034      28.464     74.0107     203.745     537.385     1542.74 4.65802e+27 1.71634e+72       1e+07
          1      1.1256     1.45206     5.58934     28.2277     71.7455     200.484     526.895     1504.78 4.41868e+27 2.11673e+72       1e+07
          1      1.1252     1.43969     5.51798     27.4824     69.3181      199.63     525.622      1510.1 4.17612e+27  2.6238e+72       1e+07
          1     1.11993     1.44217     5.40183     27.9341     67.3415     205.321     531.534      1591.2 3.94076e+27  3.0845e+72       1e+07
          1     1.11426     1.44668     5.25034     27.7122     66.2268     205.515     518.019     1562.16 3.72901e+27 3.65749e+72       1e+07
          1     1.10948     1.45839     5.13042     25.9573     65.3497     215.446     515.209     1607.68 3.52116e+27 4.52261e+72       1e+07
          1     1.10901      1.4434     5.12605     24.7407     66.2564     207.955     515.973     1612.38 3.31442e+27 5.24005e+72       1e+07
          1     1.10687     1.42738     5.16342     24.3289     64.4184     207.364     500.684     1606.95 3.09674e+27 6.28676e+72       1e+07
          1      1.1072     1.42265       5.131     25.0796     63.4605      202.62     485.937     1613.52 2.94816e+27 7.91969e+72       1e+07
          1     1.10624     1.42068     5.07933     26.1417     63.0698     201.799     480.721     1575.43  2.7756e+27 9.71626e+72       1e+07
          1     1.10385     1.41577     5.12566     26.6512     65.4364     201.729     491.043     1590.22 2.62742e+27 1.16095e+73       1e+07
          1     1.09893     1.41275     5.15413     26.5378     66.4375     194.895     475.855      1611.3 2.46742e+27 1.38932e+73       1e+07
          1     1.09671     1.42946     5.14147     26.0707     64.6573     194.369     477.918     1608.62 2.32842e+27  1.6479e+73       1e+07
          1     1.09178     1.44449     5.28346      25.779     64.9086     190.189     469.425     1621.93 2.19854e+27 1.92387e+73       1e+07
          1     1.08712     1.45902     5.23361     25.0573     62.9999     190.214     455.496     1651.69 2.07933e+27 2.38243e+73       1e+07
          1      1.0855     1.45799     5.04391     25.5627      66.731     188.139     466.052     1653.82   1.974e+27 2.87382e+73       1e+07
          1     1.08444     1.48103     4.90531     24.7068     70.6274     186.181     457.204     1659.19 1.86821e+27 3.52644e+73       1e+07
          1     1.09301      1.4675     4.82171     24.7794     70.1356     180.398     445.219     1669.09 1.77788e+27 4.18619e+73       1e+07
          1     1.09401     1.46791     4.80225     26.8723     70.4595     178.994      438.81     1708.32  1.6686e+27  4.9599e+73       1e+07
          1     1.09031     1.46519     4.86207     27.6555     70.3585      184.16      442.55     1680.98 1.58278e+27 5.89582e+73       1e+07
          1     1.08842     1.47205     4.89188     26.7148     73.5705     182.871     443.154     1668.99  1.4904e+27 7.15373e+73       1e+07
          1     1.08754     1.46367     4.96177     25.5633     73.8399      180.86     447.462     1645.22 1.39279e+27 8.51506e+73       1e+07
          1     1.09137     1.47945     4.87811     24.3745     70.7178     185.404     444.697     1645.47 1.31029e+27  1.0239e+74       1e+07
          1     1.09171     1.48368     4.91755     24.4048     72.8022     182.827     438.178     1694.39 1.23017e+27 1.20996e+74       1e+07
          1     1.09689     1.47631     4.87614     24.5773     71.6096     180.157     438.359     1726.18 1.16426e+27 1.48466e+74       1e+07
          1     1.09511     1.48303     4.75292     23.7646     69.1864     180.197     435.192     1664.07 1.10767e+27 1.76893e+74       1e+07
          1     1.09594     1.48221     4.75272     23.1846     66.8413     182.989     429.651     1702.23 1.05055e+27  2.1921e+74       1e+07
          1     1.09725     1.47518     4.68707     23.4486     65.2914     184.982     423.109      1742.9 9.94357e+26 2.66516e+74       1e+07
          1     1.10198     1.47272     4.60512     24.0422     63.7018     180.163     411.658     1758.39   9.383e+26 3.21198e+74       1e+07
          1     1.10102     1.47391     4.72155      24.738     62.0588     177.173     414.135     1739.28 8.91461e+26 3.88355e+74       1e+07
          1     1.10023      1.4888     4.68924     25.2884      61.475     172.125     415.341     1719.67 8.36028e+26 4.72675e+74       1e+07
          1     1.11284     1.48825     4.98324     26.1608     60.4666     167.911     420.849     1694.86  7.8943e+26 5.87077e+74       1e+07
          1     1.11598     1.49137     4.88492     25.9324     60.5717     166.965     439.757     1659.06 7.44765e+26 7.05753e+74       1e+07
          1     1.11567     1.51541     4.75722      25.971     62.8267     165.431     456.535     1625.28 7.07379e+26   8.555e+74       1e+07
          1     1.11556     1.53116      4.7724     25.3913      63.378     161.388     480.123     1627.81  6.6635e+26 1.02627e+75       1e+07
          1     1.11845      1.5425     4.70319      24.533     62.5858     157.476     478.291     1585.71 6.28405e+26 1.23509e+75       1e+07
          1     1.11686     1.56816     4.60382     24.1278     61.2966     155.937     471.921     1563.86 5.94851e+26 1.48863e+75       1e+07
          1     1.12222     1.60275     4.74181     23.0416     62.3749     155.541     465.713     1536.28  5.6074e+26 1.81224e+75       1e+07
          1     1.13352     1.63333     4.98072     23.7603     61.4542     155.214     458.963     1523.59 5.31929e+26 2.15761e+75       1e+07
          1     1.12919     1.63378     4.98937     23.1017     60.2678      160.39     454.671     1543.82 4.96339e+26   2.521e+75       1e+07
          1     1.12932      1.6281     4.95272     22.2204      58.515     159.855     444.128     1502.32 4.65557e+26 3.14054e+75       1e+07
          1     1.13074     1.61867     4.90145     21.8647     56.8118     156.516     427.568     1504.08 4.40166e+26 3.79446e+75       1e+07
          1     1.12695     1.61482     4.94186     21.2512     54.8488     149.497     419.303     1509.51 4.16548e+26 4.56058e+75       1e+07
          1     1.12322     1.61979     4.79329     20.7187     53.5962     148.292      405.66     1524.68 3.94852e+26 5.51754e+75       1e+07
          1     1.11869      1.6399     4.82082     20.5951     56.4304     147.363     394.251     1556.93 3.72992e+26 6.66279e+75       1e+07
          1     1.11781     1.64044     4.99119     20.8803     58.5904     148.583     389.562     1525.29  3.5195e+26 8.15323e+75       1e+07
          1     1.11565     1.66691     4.96036     21.5513     58.9071     149.379      377.67     1519.19 3.30416e+26 9.72657e+75       1e+07
          1     1.12483     1.65513     4.84626     21.7638     57.8587     150.153     371.671     1502.88 3.11174e+26 1.16601e+76       1e+07
          1     1.13594     1.64321     4.97788     21.1037      58.484     147.064     382.875     1456.12 2.91426e+26 1.38122e+76       1e+07
          1      1.1336     1.65415     5.11362     20.5624     57.4344     146.724     381.081     1411.96 2.75898e+26 1.66351e+76       1e+07
          1      1.1335     1.65026     5.09125     20.5094     60.7546      145.19     376.346     1379.14 2.61348e+26 1.96332e+76       1e+07
          1     1.13544     1.62582     5.26166     19.9715     60.5489     145.618     373.363     1347.12 2.47447e+26 2.35583e+76       1e+07
          1     1.13014     1.65575     5.24768     20.3962     59.1035     145.757     386.102     1334.01 2.33344e+26 2.79343e+76       1e+07
          1     1.12501     1.65388      5.1987     19.4496     57.5258     145.612     378.712     1343.77 2.20506e+26 3.43562e+76       1e+07
          1     1.12385     1.63973     5.16886     18.9722     56.1594     144.106     382.227     1346.65  2.0775e+26 4.07928e+76       1e+07
          1     1.12174     1.61846     5.17146     19.6364     56.0293     142.318      381.16      1324.8 1.96742e+26 4.89957e+76       1e+07
          1     1.11659     1.63322     5.16318     19.6197     58.2227     141.402     384.842     1352.42 1.86801e+26 5.93288e+76       1e+07
          1     1.11579     1.64442     5.09386     19.1988     57.7934      140.55     382.481     1374.64 1.76563e+26 7.09964e+76       1e+07
          1      1.1214     1.67101     5.00827     19.0821     55.8219     135.353     385.801     1424.47 1.67659e+26 8.42398e+76       1e+07
          1     1.11657     1.67635     5.13853     19.8523      54.694     136.279     393.574     1449.17 1.59133e+26 9.96037e+76       1e+07
          1     1.11311     1.64914     5.15243     20.6948     55.6914     133.529     392.056     1449.39 1.51124e+26 1.21718e+77       1e+07
          1     1.11653      1.6561     5.08492     20.9463     54.6477     135.105     388.458     1432.91  1.4302e+26 1.46513e+77       1e+07
          1     1.12499      1.6658     5.15908     21.5736     53.3705     137.218     382.281     1388.55 1.34745e+26 1.74583e+77       1e+07
          1     1.12233     1.65344     5.35518     21.0897     54.3173     134.636     389.567     1416.97 1.27921e+26 2.06281e+77       1e+07
          1     1.12042     1.65891     5.44305      21.693      54.749     140.465     397.279     1412.89 1.21204e+26 2.44901e+77       1e+07
          1     1.11889     1.67615     5.35415     22.3872     54.1299     139.294     398.905      1393.6 1.14114e+26 2.94559e+77       1e+07
          1     1.12027     1.68759     5.40716      22.564     54.5523      143.12       395.9     1412.06 1.07759e+26 3.57149e+77       1e+07
          1      1.1161     1.70684     5.57052     23.4312      56.659      142.74     408.809     1414.87 1.01914e+26 4.24483e+77       1e+07
          1      1.1134     1.69641      5.4815     22.8251     56.1053     139.376     420.455     1435.23 9.67298e+25  5.1871e+77       1e+07
          1     1.12012      1.6868     5.60638     22.1579     56.5212     138.645     415.719     1433.22 9.14159e+25 6.13265e+77       1e+07
          1     1.12083     1.65597      5.6565     21.6691     57.2233     136.908     409.434     1431.13 8.64297e+25 7.30912e+77       1e+07
          1     1.12326     1.65642     5.65938      22.095     59.8792     136.849      406.84     1455.76 8.14319e+25 8.72398e+77       1e+07
          1     1.13256     1.64802     5.59257     22.1738     62.3918      136.67     408.783     1513.58 7.71899e+25 1.04277e+78       1e+07
          1     1.13868     1.63743     5.60596     21.3636     65.2795     137.303     414.332     1512.12  7.3246e+25 1.25438e+78       1e+07
          1      1.1356     1.63144     5.60536     20.4296     62.5948     138.649     429.069     1548.86 6.98903e+25 1.45065e+78       1e+07
          1     1.14391     1.63605     5.56589     19.7655     64.8673     142.351     420.293     1546.04 6.65581e+25 1.72738e+78       1e+07
          1     1.15125     1.62789     5.52329     19.5611     67.1976     143.739     419.153     1572.29 6.26355e+25 2.05321e+78       1e+07
          1     1.16608     1.65097     5.42488      20.002     72.3133     147.296     418.717     1596.38 5.92716e+25 2.46395e+78       1e+07
          1     1.16188      1.6845     5.50104     19.7833     69.8909     144.638     409.522     1626.81 5.64549e+25 2.97076e+78       1e+07
          1     1.16643     1.71196     5.47836     19.0473     66.9907     145.241     413.713     1609.24 5.33487e+25 3.50062e+78       1e+07
          1      1.1817      1.7213     5.56365     18.3461     67.1725     144.998     411.301     1568.05 5.05628e+25 4.21913e+78       1e+07
          1      1.1873      1.7195     5.51379     18.1087     65.1667     146.744     409.124     1579.16 4.81687e+25  5.0843e+78       1e+07
          1     1.18381     1.69121     5.43582      17.462     63.8711     150.425     404.487     1644.91 4.51234e+25  5.8351e+78       1e+07
          1     1.17818     1.68786     5.30709     17.6039     62.1804     151.476     410.765      1647.4 4.25869e+25 6.92758e+78       1e+07
          1     1.17282     1.68325     5.26179     18.0398     60.4009     151.132     413.568     1628.35 4.05939e+25 8.50732e+78       1e+07
          1     1.16694     1.69342     5.37255     18.7913     58.9343     148.878     412.991     1577.96  3.8354e+25 1.00806e+79       1e+07
          1     1.16209     1.69768     5.44265     19.5891     60.2495       145.9     422.024     1554.63 3.62571e+25 1.17896e+79       1e+07
          1     1.15596     1.70239     5.36496     20.2314     61.6736     143.821     426.137     1569.08 3.42766e+25 1.37198e+79       1e+07