 -4008.7
-4005.81
-4012.78
-4023.04
-4019.75
-4022.92
-4011.82
-4019.05
-4012.77
-4012.77
-4004.49
-4020.24
-4020.23
 -4006.2
-4017.28
-4005.67
-4004.55
-4004.55
-4004.55
-4021.26
-4015.83
-4015.83
-3995.97
-4005.47
-4005.47
-4005.47
-4005.47
-4001.07
 -3997.9
 -3997.9
-4004.69
-4003.56
-4001.53
-3998.23
 -4000.6
-3995.68
-3997.78
-4008.77
-4006.21
-3997.94
-3991.55
-3995.75
-3995.93
 -4012.4
-3994.98
-4006.24
-4004.78
-4010.05
-4000.29
-3999.24
-4003.54
-4019.24
-4001.92
-4036.46
-4021.51
-4020.95
-4006.55
-3995.02
-4013.35
-4011.06
-4003.13
-4007.47
-4006.33
-4019.66
-4031.59
-3999.52
   -3996
-3987.24
 -3978.7
-3988.37
-3988.37
-3988.37
-3985.46
-3986.89
 -4014.9
-4014.63
-3990.62
 -3988.5
-3987.87
-3991.28
-3995.48
-4002.73
-3996.68
-3995.64
-4000.28
-4000.28
-4000.28
-3995.51
-3987.22
-4004.68
-3988.62
-3986.02
-3987.65
-3987.07
-4001.34
-3985.59
-3996.11
-3991.97
-4003.27
-4001.51
-4020.64
-4006.91
-3990.37
-3990.37
-3983.21
-3991.73
-4000.64
-3987.24
-3990.49
-3990.68
-3992.05
-3994.57
 -3999.9
-3973.67
-3988.55
-3986.35
-3984.99
-4020.51
-3992.72
-3983.46
-4032.83
-4036.77
-4018.06
-3994.58
-3994.58
-3994.58
 -4002.3
-3997.81
-3997.81
-4000.79
-4008.03
-4008.03
-4004.53
-3989.18
-3996.91
-3997.51
-4033.79
-4014.79
-4014.79
-3999.53
-4022.07
 -4009.5
-4014.16
-4014.16
-4012.73
-4012.73
-4012.73
 -4006.6
 -4006.6
-3992.38
-3992.38
-3992.38
-3993.66
-3992.38
-3992.38
-3995.62
-3994.78
-4020.71
-3990.42
-3990.42
-3987.11
-3990.98
-4016.85
-3993.01
-3993.01
-4011.49
-4006.07
-4013.78
-4002.23
-3994.07
-3978.75
 -3986.5
 -3986.5
-3984.03
-3992.77
 -4005.2
-4015.68
-4019.86
 -4003.6
-4023.73
-3996.87
-3996.06
-3996.06
-3994.83
-3976.05
-3996.46
 -3988.6
 -3988.6
 -3988.6
-3986.85
 -3988.6
-3989.71
-4005.34
-3992.63
-3992.63
-3992.63
-3987.78
-3986.05
-4009.54
-4002.06
-3991.39
-4017.69
-3989.93
-3981.66
 -4014.5
-3991.27
-3983.31
-3983.51
-3996.86
-3994.76
-3988.18
-3986.87
-3982.56
-3982.56
-4007.73
-3978.11
 -3986.9
 -3986.9
-3985.56
 -3986.6
 -3985.8
-3991.64
-3986.95
-3983.63
-3990.58
-3978.49
-3995.76
-3979.62
-3986.56
-3997.47
-4042.45
-4001.25
-4001.25
-4002.91
-4006.57
-3992.23
-3992.23
-4006.03
-3995.27
-4011.66
-3999.81
-3989.38
-3972.27
-3986.36
 -3997.8
-3994.43
-4007.24
-3994.08
-3990.97
-3988.53
 -4004.3
 -4004.3
 -4010.1
 -3993.7
-3988.18
-3988.93
-3983.78
-3984.21
-3987.69
-3989.69
 -3996.2
-3990.57
-3985.29
-3985.29
-3983.53
-3981.33
-4005.46
-3984.45
-3972.99
-3976.02
-3979.42
-3979.42
-3986.88
-3981.36
 -3983.3
-4004.98
-3979.89
-3979.89
-3986.42
-4008.89
-4005.28
-3982.43
-3982.43
-3982.43
-3994.01
-3977.34
-3977.34
-3983.57
-3983.93
 -3989.7
-3985.59
   -3996
-4004.11
-4001.18
-4018.97
-4010.34
-3998.02
-3987.04
-3988.67
 -3985.4
 -3985.4
-3991.38
-3985.72
-3993.49
 -3996.8
 -4017.6
-3985.15
-4013.49
-3979.35
-3979.35
-3990.07
-3994.45
 -4003.7
-3996.73
-4000.19
-4000.19
-3990.82
-3991.88
-4000.65
-4009.43
-3992.32
-3992.32
-3998.21
-4000.58
-3998.85
-4000.58
-3998.85
-4001.89
-3989.62
-4002.02
-4002.02
-4000.11
-3990.37
-3999.61
-4020.84
-4008.82
-4008.82
-4006.95
-3994.35
-4013.56
-3990.22
-3990.32
-4003.45
-4025.46
-4013.04
-3993.43
-3993.43
-4020.87
-4004.33
-4024.99
-3991.41
-4019.75
-4019.75
-4017.53
 -4016.6
-3997.32
-4009.17
-4019.96
-4052.28
 -4005.5
-3999.35
 -4003.8
-4045.57
-3990.81
-3983.18
-3984.91
-3984.91
-3984.94
 -3983.6
-3976.93
-3978.38
-3978.06
 -4012.1
-3996.72
-3988.38
-3992.96
-3989.76
-3979.99
 -3993.1
-4005.25
-4000.95
-3984.27
-3984.27
 -4002.3
   -3983
-3990.85
 -3997.7
-3984.37
-3987.27
-3979.36
-4007.34
-3996.08
-3996.08
-3984.84
-3969.03
-4007.34
-3969.03
-3982.83
-3982.83
-4040.49
-4040.49
 -4015.3
-4015.14
-4015.14
-3990.73
-4006.89
-3988.34
-3999.15
-4034.81
 -4008.6
-3979.35
-3999.17
-3989.07
-3991.04
-3991.04
-3990.87
-3993.43
-3993.43
-3995.01
-3988.29
-4008.42
 -3987.9
-3980.06
-3988.07
-3986.18
-3989.69
 -3989.7
-4005.36
-3979.32
-3991.17
-3991.17
-3983.45
-3989.36
-4010.25
-3986.94
-3984.34
-4001.35
-3980.33
-3984.12
-3991.28
 -3996.4
-3991.43
 -4009.6
-4008.12
-3997.01
   -4021
-4008.03
-4002.23
-3998.06
-3997.51
-3997.92
-3997.92
-3997.92
-4000.29
-4007.64
-3994.05
-3994.05
-3985.33
-4010.91
-3989.04
-3984.55
-3990.79
-3990.59
-3986.73
-4008.13
-3995.04
-3996.14
-4005.82
-4003.62
-3980.68
-3988.97
-3988.97
-3993.37
-3985.15
-3985.15
-3981.62
-3986.72
-3980.67
-3989.85
-3998.52
-3985.51
-3995.27
-3982.28
-3980.86
 -4001.6
-3998.76
 -4012.5
-4053.47
-3995.76
-3983.55
-3983.55
-3998.97
-3993.15
 -4012.9
 -4012.9
-3991.14
 -3990.4
-4025.76
-3994.77
-4012.44
-4018.27
-4002.08
-4000.28
   -3990
 -3993.2
-4003.83
 -4019.4
-4017.94
-4036.24
-4003.25
-4023.27
-4010.24
-4008.93
-4031.26
-4024.37
-4037.86
-4025.52
-4015.05
 -4029.2
-4022.21
-4019.21
-4009.69
-4008.76
-4010.88
-4033.55
-4012.29
-4012.29
-4002.37
-4020.42
-4020.42
-4020.42
-4020.42
-4020.42
-4010.91
-4010.91
-4005.15
-4008.93
-4018.94
-4027.48
-4006.75
-4013.46
-3999.62
-4003.56
-3999.39
-3999.39
-4006.55
-4004.25
-4004.25
-4000.36
-4007.48
-3993.44
   -3991
-3996.59
-3997.46
-3996.81
-3996.81
-3996.81
-3996.81
-3999.29
-3994.66
-3988.32
-3987.65
-3996.46
-3996.46
-3999.23
-3998.77
-4028.55
 -3984.2
-4009.91
-4021.65
-4024.82
-4024.82
-3996.07
-4003.12
-4003.12
-4003.12
-4003.12
-4003.12
-4007.63
-4012.57
-4012.57
-4003.12
-4002.26
-4019.56
-4003.12
-4002.12
-4003.12
-4002.12
-3991.92
-4003.12
-4002.12
-4007.49
-4052.99
-4002.12
-4002.12
-4006.05
-4003.11
 -4000.8
 -4000.8
-4002.83
-4017.72
-3995.64
-3998.77
-3997.78
-4001.79
-4022.79
-4003.24
-4003.24
 -4006.8
-4003.24
-4017.09
-4020.88
-4029.51
-4031.68
-4018.55
-4005.67
-3993.74
-3992.16
-3998.15
-3998.15
-3998.15
-3998.15
-3991.07
-3997.31
-3984.37
 -3999.8
-4006.61
-4013.84
-3999.58
-3996.88
-4004.74
-3997.88
-3997.88
-3994.94
-3995.82
-4001.63
-4001.63
-3984.95
 -3981.7
-3987.99
-4000.38
-3995.87
 -4000.3
-3989.84
-3988.97
-4020.69
-3985.67
-4007.15
 -3996.7
-4011.46
-4011.46
 -4006.8
-4038.23
-4005.25
-3994.93
-4009.01
-4021.54
-4015.89
-4018.61
-4018.61
-4018.61
-4018.61
-3996.28
-3996.28
-3996.28
-3996.28
-4006.63
-4002.85
-3995.18
-4001.91
-3995.18
-4001.74
-4008.34
-4008.34
-4006.25
-3988.91
-4006.25
-4006.82
-4006.82
-4006.07
-4014.28
-4007.89
-4019.04
-4016.85
-4014.47
-4013.38
-4040.36
-4016.09
-4012.18
-4037.88
-4049.42
-4036.14
-4030.49
-4030.49
 -4024.1
-4024.31
-4039.98
-4039.98
-4003.09
-4004.49
-4008.53
-4011.02
-4001.58
-4010.26
-4003.52
-3996.49
-4005.54
-4002.23
-3988.44
-3997.82
-4021.68
-4010.32
-4010.32
-4010.32
-4010.32
-4007.45
-4010.53
-4011.98
-3991.78
-3984.27
-3999.85
 -4000.8
-4010.53
-4004.21
-4018.78
-4010.46
-4036.58
-4022.54
-4026.21
 -4015.2
-4039.41
-4024.92
-4017.82
-4017.82
-4035.26
-4020.75
-4020.32
-4030.77
-4009.77
-4000.49
-3995.85
   -4003
 -4002.6
-4005.25
-4006.89
-4012.61
-4025.85
-4013.89
-4021.32
-4014.16
-4021.65
-4029.13
-4006.74
-4023.21
-4014.46
-4027.75
-4015.22
-4015.22
-4016.08
-4015.22
-4015.22
-4015.22
-4008.78
-4018.96
-4027.43
-4015.06
-4008.78
-4008.78
-4018.51
-4016.59
-4003.29
-4006.54
-4014.92
-4015.06
 -4018.6
-4019.02
-4011.77
-4025.67
-4012.49
-4019.06
-4043.08
-4031.38
-4010.06
-4018.36
 -4019.7
 -4019.7
-4012.75
-4011.83
-4010.56
-4010.56
-4009.09
-4010.56
 -4008.3
 -4010.2
-4011.81
-4011.81
-4011.81
-4012.92
-4000.57
-4000.57
-4000.57
-4000.57
-3993.71
-3999.66
-3999.66
-4000.96
-4001.71
-3997.12
-4012.48
-4012.48
-3995.45
-4007.68
 -4005.4
   -4027
-3994.22
-3997.83
-4012.99
-3997.93
-3997.93
-4013.19
-3993.71
-3998.06
-4026.63
 -4006.1
-4016.94
-4010.94
-4017.12
-4013.81
-4008.23
-4007.24
-3991.25
-3998.59
-4000.13
-3993.71
-4001.08
-4033.14
-4010.41
-4020.36
-4012.76
-4012.76
-4004.36
-3999.35
-4017.82
-4014.36
-4020.28
-3997.85
-3997.85
-3992.98
-3997.85
-4001.08
-3995.54
-4003.85
-4005.82
-4001.13
-3998.33
-4007.92
-4005.56
-4007.46
-4005.82
-4005.94
-4012.29
-4012.29
-4000.57
-4000.57
-4000.57
 -3995.4
-4000.32
-4007.82
-4007.82
-4007.82
-4004.24
 -3997.9
-4001.46
-4010.52
-4009.81
 -4005.5
-4015.25
-4007.78
-4000.28
-4015.79
-4006.16
-4005.87
-4025.56
-4011.93
-4027.88
 -4009.1
-4004.51
-4004.51
-4010.46
-3999.49
-3999.49
-3999.49
 -3997.7
 -3997.7
-3982.94
-3991.37
-3991.37
-3995.78
-3999.18
-3999.18
-4002.29
-3998.49
-4009.17
-4009.17
 -4006.7
-4002.12
-4005.25
-3996.73
-4002.35
-4001.21
-4001.58
-4004.42
-4007.62
-4009.76
-3996.97
-4001.19
-4016.95
-4001.52
-3994.79
-3994.79
-3994.79
-3994.79
-4001.01
-4005.62
-4005.62
-3997.52
-3993.48
-3997.94
-3995.49
-4016.22
-4011.93
-4016.94
-4013.99
-4027.68
-3999.72
-4010.21
-4002.15
-4006.83
-3992.67
 -4010.2
-4013.27
-3999.83
-4004.93
 -4001.7
-4006.16
-3995.11
-3995.11
-4012.01
-4002.49
-4000.97
-4000.97
-4031.03
-4018.54
-4001.19
-3995.64
-3986.63
-3996.36
-3992.59
-4004.84
 -3988.5
-3986.92
-3986.17
-3986.92
-3986.41
-3986.92
-4006.89
-3995.46
-3997.61
 -3994.9
-3991.09
-4000.66
-3991.09
 -4000.1
-4005.32
-3998.34
-3998.34
-3978.53
-3978.53
-3999.08
-3980.08
-3989.92
-3989.92
-3979.03
-3984.23
-3997.56
-3994.15
 -3982.5
 -3982.5
-3988.72
 -3982.5
 -3982.5
 -3982.5
-3981.66
-3980.21
-3978.76
 -3980.8
-3985.74
 -3988.8
 -3988.8
-3982.77
-3989.82
-3996.05
-3995.83
-3995.83
-3990.74
   -4000
 -4011.7
-3990.67
-4000.46
-3998.29
-3989.66
-3999.92
-4006.72
-4002.44
-3981.62
-3995.83
-3995.83
-3991.51
 -3993.5
-4015.07
-4001.74
-4020.58
 -4010.6
-4019.56
-4006.48
-4012.89
-4005.11
-4013.35
   -3988
-3990.86
-3990.86
-3990.86
-3990.24
-4002.29
-3998.17
-4003.17
-4007.44
 -4005.9
 -4005.9
 -4005.9
-4005.76
-4016.75
-4010.93
-4011.07
-4008.09
-3991.06
-3989.12
-3986.33
-3991.38
-3998.17
-3997.92
-3984.88
-3992.19
-4001.24
 -4000.4
-4004.93
-4013.35
-4001.52
-4000.21
-3998.24
 -4000.4
-4001.18
-4002.05
 -4011.4
 -4011.4
 -4006.5
 -4003.1
 -4004.5
-4009.76
-4010.65
-4015.63
 -4002.9
 -4002.9
   -4010
-4008.65
-4008.65
-4006.62
-4013.86
-4008.43
 -3998.8
-4017.61
-4021.61
-4001.47
-3997.21
-4001.53
-3989.76
-3992.84
-3999.08
-4019.05
-3987.38
-3996.11
-4012.85
-4005.27
-3989.24
-3989.24
-3989.88
-3998.48
-3988.19
-3984.28
-4005.84
 -3991.1
 -3991.1
-4002.51
-3997.89
-3997.89
 -3995.4
-3997.89
 -3995.4
-4019.58
-4027.06
-4012.45
-3996.34
-3997.96
-4005.57
-3989.67
-3994.87
-3978.01
-3998.62
-3998.37
 -3994.9
-3997.76
-3998.22
   -4007
-4002.57
-3993.95
-4002.57
-3997.27
-4001.95
-4001.95
-4002.45
-3995.08
-3990.98
-4002.47
-3986.84
-3993.13
-3993.13
-4004.95
 -3994.8
 -3994.8
-4018.01
-3996.64
-4001.79
-4025.56
-4006.37
-4011.23
-4014.22
-4007.88
-4023.97
-4007.88
-4007.88
-4003.89
-3995.22
 -3990.9
-4018.53
-4014.97
 -4006.1
-4021.76
-4015.17
-4001.27
-3991.67
-3997.56
-3991.67
-3992.28
-3992.28
-3992.28
-3991.84
-3995.44
-3988.71
-3988.71
-4009.43
-3988.71
-3992.72
 -4010.6
-3988.71
-4002.14
-4002.14
-3990.31
-4000.83
-3993.46
-3993.94
-3983.69
-4014.13
-4022.77
-3990.37
-3995.48
-3995.48
-3997.17
-4005.74
-4000.19
-4008.77
-4005.74
-4005.74
 -3996.8
 -3996.8
-3987.55
-3987.55
-3985.78
-3992.96
-4016.15
-4019.74
-3999.22
-3999.22
-3999.22
-4036.58
-3995.83
-3993.57
-3995.54
-3995.54
-4001.24
 -4000.3
-4049.16
-4041.19
-3994.28
-3994.28
-3998.47
-3996.58
-3996.58
 -4009.9
 -4009.9
-4005.03
-4010.79
-4006.43
 -3999.6
 -3999.6
-3994.77
-3994.77
-4004.32
-4004.32
-4004.32
-4006.38
-3998.31
 -3993.8
-3995.41
-3992.69
-4003.27
-3987.92
-3987.29
-3996.15
 -3993.8
-4010.83
 -4008.5
-4000.55
-4012.57
-3985.73
-3999.74
-4011.33
 -4002.9
-4000.77
-4008.29