           0            0            0            0            0            0            0            0            0            0            0            0
   -0.102866            0     0.140062            0        0.383     0.042956        0.383       -0.117     0.382893        0.383        0.383        0.383
    0.838277    -0.186283    -0.490572     0.972271     0.997767     0.956526      0.76293      0.88846     0.769358     0.858738      0.49875     0.756033
    0.712266    -0.368496    -0.646532     0.859097     0.814719     0.861682     0.890897     0.752298     0.572713     0.652958     0.603709     0.649822
     0.64462     -0.40695    -0.732628     0.674866     0.667621     0.685289     0.935337     0.648703     0.497822     0.605252     0.451892     0.671401
    0.644915    -0.422692    -0.728413     0.634587     0.631372     0.687162     0.951873     0.554016     0.493503     0.513606     0.384112     0.621319
    0.631729    -0.408084    -0.732105     0.615229     0.617427     0.681136     0.975104     0.502115     0.433178     0.492306      0.33675     0.555571
    0.621611    -0.417687     -0.74274     0.597213     0.596147     0.678726     0.987434     0.487181      0.40364     0.431478     0.305144      0.49573
    0.593171    -0.432083    -0.748138     0.576259     0.594277      0.69097     0.994475     0.411018      0.34107     0.382114     0.235947      0.44366
     0.58266    -0.432721    -0.737391     0.565514     0.600964     0.697453     0.999732     0.358041     0.327152     0.373966     0.218417     0.419132
    0.567258    -0.437938    -0.731659     0.569364     0.612277      0.69873     0.996878     0.345191     0.299967     0.361469     0.191849     0.390885
    0.554671    -0.442115     -0.72807     0.561183     0.604102     0.678651     0.961115     0.328595     0.270104     0.329641     0.171092     0.360489
    0.545453    -0.434942     -0.71967     0.567288     0.580273     0.630107     0.904624     0.303771     0.242895     0.306702     0.158052     0.322739
    0.540459    -0.426771    -0.704722     0.567828     0.575182     0.592445     0.857112     0.301609     0.220371     0.282576     0.112117     0.288922
    0.541854    -0.423909    -0.694927     0.554531     0.558966     0.579245      0.82819     0.307002     0.202006     0.251957    0.0831941     0.261634
    0.529911    -0.420502    -0.699581     0.542234     0.545018     0.565305     0.813554     0.309267     0.177124     0.244319    0.0648949     0.241354
    0.530001    -0.419184    -0.695589     0.533061     0.537759     0.556563     0.807711     0.297812     0.151423     0.212735    0.0486039     0.218385
    0.519715    -0.422417    -0.687906     0.527648     0.534286     0.552117      0.80425     0.297497     0.143485     0.198334    0.0269067     0.208825
    0.510644    -0.426029    -0.682849     0.525309     0.524838     0.545582     0.797682     0.308022     0.135653     0.175534    0.0103642     0.190306
    0.504726    -0.420917    -0.679545     0.521276     0.515469     0.533922     0.792392     0.308708     0.120651     0.161263  -0.00828354     0.172785
    0.501591    -0.415906    -0.676429     0.516586     0.511979     0.523588     0.794132     0.312286    0.0980487     0.140421    -0.020603     0.156235
    0.495928    -0.412011    -0.674527     0.509973     0.507469     0.517992     0.788919     0.310429    0.0889404     0.119216   -0.0276156     0.152452
    0.494394    -0.411009    -0.666542     0.500975      0.49848      0.51913     0.782795     0.311391     0.068306     0.107661    -0.047147     0.140273
    0.493504    -0.410702    -0.662246     0.498393     0.491622     0.519308     0.775398     0.309258    0.0512027    0.0990953   -0.0572925     0.132836
    0.492361    -0.403432    -0.657411     0.496274     0.489374     0.511188     0.759642     0.298598    0.0300555    0.0796786   -0.0724535     0.117077
    0.494585    -0.403027    -0.655627     0.492115     0.486303     0.498398     0.746681     0.290999    0.0136467    0.0677221   -0.0789146     0.110652
    0.485999    -0.407248    -0.656138     0.485432     0.482608     0.489812      0.72985     0.276306  6.05655e-05    0.0575787   -0.0929614    0.0936817
     0.48112    -0.412596    -0.662348     0.478321     0.474933     0.483585     0.721282     0.272231   -0.0107026    0.0487154    -0.098575    0.0807522
    0.473256    -0.417909    -0.666455     0.469315     0.465515     0.476021     0.714178     0.272028   -0.0294146     0.039842    -0.109769     0.063082
    0.464701     -0.42373    -0.670627      0.46196     0.458035     0.467973     0.709632     0.273847   -0.0433027    0.0266497    -0.118201    0.0478794
     0.45713    -0.427601    -0.676939     0.453534     0.451004     0.461676     0.705171     0.275866     -0.05359    0.0230803    -0.126898    0.0440399
    0.450633    -0.429339     -0.67804     0.445707     0.446777     0.454789     0.696416     0.275186   -0.0581812    0.0184086    -0.134801    0.0318315
    0.443525     -0.43293    -0.680211      0.43938     0.442262     0.447744     0.689828     0.275832    -0.065268   0.00765736    -0.142898    0.0261251
    0.438775    -0.433864     -0.68262     0.435926     0.439801     0.442719     0.683453       0.2751   -0.0717107   -0.0051066     -0.15506     0.012618
    0.432956    -0.435656    -0.683481      0.43066     0.434244     0.439299     0.678958     0.273344   -0.0800437   -0.0173696    -0.165175   0.00170787
    0.429887     -0.43554    -0.681098     0.426307     0.431026     0.435926     0.673255     0.270828   -0.0869141   -0.0222072    -0.173927  -0.00873234
    0.425601    -0.437939    -0.681894     0.422284     0.428042     0.430576     0.669138     0.269512   -0.0925792   -0.0290694    -0.178178   -0.0195588
    0.421737    -0.439658    -0.679971     0.419537     0.425316     0.427123      0.66373     0.268875   -0.0954001   -0.0340957    -0.178533   -0.0230118
    0.419103    -0.441475    -0.679953     0.417067     0.422361     0.424756     0.658776     0.268947   -0.0997918   -0.0386851    -0.177654   -0.0296406
    0.415077    -0.443343    -0.683923      0.41507     0.418544     0.422271     0.656093     0.269674    -0.104901   -0.0472677    -0.182133   -0.0345832
     0.41117    -0.446365    -0.687112     0.410172      0.41464     0.417216     0.651539     0.271717    -0.114866   -0.0531164    -0.190077   -0.0438424
    0.407605    -0.449611    -0.689346     0.406537     0.410638     0.413471      0.64706     0.273066    -0.120653   -0.0605476    -0.200979   -0.0505141
    0.403267    -0.451392     -0.69157      0.40138     0.406925     0.409287      0.64352     0.276701    -0.121211   -0.0620584    -0.212063   -0.0594718
    0.399188    -0.453991    -0.692545     0.396997     0.401965     0.405197     0.639036     0.279806    -0.126375   -0.0678178    -0.219671   -0.0684989
    0.395941    -0.456557    -0.693203     0.393451     0.397091     0.400793     0.636058     0.281478    -0.137315   -0.0759589    -0.229579   -0.0782065
    0.392446    -0.458346    -0.693505     0.389661     0.393193     0.397246     0.632029     0.284204    -0.143507   -0.0848353    -0.235697    -0.084523
    0.389074    -0.458995    -0.692563     0.386182     0.389317     0.395178     0.629292     0.287416    -0.149207   -0.0884205    -0.244155   -0.0901656
     0.38626    -0.459589    -0.691786     0.384129     0.386892     0.393317     0.627311     0.289271    -0.155549   -0.0907769    -0.247068   -0.0981979
    0.383004    -0.458664    -0.691107     0.381359     0.383695     0.392067     0.626229     0.291836     -0.16625   -0.0998787      -0.2555    -0.107697
    0.380298    -0.460414    -0.690976     0.378817     0.381484     0.390601     0.625791     0.293992    -0.174087     -0.10839    -0.265283    -0.117704
    0.377962    -0.461259    -0.689768     0.375842     0.379038     0.389964     0.624959     0.293689    -0.181868    -0.116338    -0.272521    -0.123319
    0.375705    -0.462697    -0.689516     0.373385     0.377533     0.389404     0.620315     0.286435     -0.19442    -0.125138    -0.279105    -0.132671
    0.372543    -0.463271    -0.689386     0.370892     0.375395     0.388427     0.615495     0.276256    -0.199498    -0.133954      -0.2849     -0.14002
     0.37019    -0.464418    -0.687325     0.368479     0.373098      0.38693     0.609529     0.267561    -0.209639    -0.138765    -0.290875    -0.147411
    0.368736    -0.465168    -0.687906     0.365026     0.371732     0.386352     0.604192     0.259017    -0.211928    -0.150966    -0.298271     -0.16261
    0.366515    -0.465734    -0.687728     0.362635      0.36937     0.385677     0.598724      0.25252    -0.220564    -0.160292    -0.307435    -0.171439
    0.364574     -0.46769    -0.689475     0.360579     0.366944      0.38347     0.594604     0.248607    -0.224573    -0.167278    -0.316472    -0.179124
    0.361627    -0.467192    -0.689728     0.357585      0.36521     0.380635     0.590361     0.244537    -0.231979    -0.175039    -0.323205    -0.187048
    0.360252    -0.468175    -0.690761     0.355716     0.363109      0.37906     0.586403     0.240902    -0.241411    -0.185392    -0.331515     -0.19706
    0.359299    -0.469867    -0.690823     0.353551     0.361214      0.37623     0.582257     0.237307    -0.249413    -0.192776    -0.338716    -0.202593
    0.357094    -0.470769    -0.690945     0.350983     0.358743     0.374488     0.578339     0.233298    -0.257733    -0.200709    -0.345499    -0.207456
    0.354589    -0.472711    -0.692636     0.348241     0.356856     0.372923      0.57636     0.231282     -0.26193    -0.209975    -0.352153    -0.209972
    0.350861    -0.473579    -0.693292     0.345494     0.354653     0.370596     0.573755     0.231072    -0.268679    -0.218085    -0.358766    -0.215518
    0.346096    -0.476202    -0.693831      0.34135     0.351111     0.367448     0.570179     0.228582    -0.275163    -0.223153    -0.364577    -0.221585
    0.342799    -0.476727    -0.694204     0.338707     0.347217      0.36181     0.566999     0.227085    -0.282084    -0.228301     -0.37242    -0.228389
    0.340877    -0.477448    -0.694306     0.336514      0.34452     0.360566     0.565686     0.226274    -0.290357    -0.235716    -0.379903    -0.236851
    0.338102    -0.477593    -0.694889     0.333273     0.341943     0.358187     0.562155      0.22395    -0.295769    -0.240122    -0.388118    -0.242583
    0.334973    -0.477649    -0.694297     0.331635     0.339215     0.356928     0.560065     0.223544    -0.300494    -0.245356    -0.395291    -0.248604
     0.33134    -0.480998    -0.695961       0.3282      0.33764     0.356023     0.557062     0.223222    -0.305764    -0.252013    -0.401801    -0.255599
    0.326128    -0.482463    -0.698465     0.324331     0.332163     0.352526     0.553954     0.220132    -0.309516    -0.257175    -0.408011     -0.26149
    0.322569    -0.484204    -0.698492     0.320783     0.327956     0.348791     0.549335     0.217777    -0.315293    -0.261086    -0.410623    -0.268276
    0.319544    -0.485865    -0.698812     0.317047     0.325021     0.345822     0.547693     0.218018    -0.318783     -0.26671    -0.417333    -0.274575
    0.316137    -0.487767     -0.69985     0.313242      0.32094     0.344391      0.54465     0.217914    -0.323676    -0.272067    -0.418478    -0.281296
    0.313796    -0.488542    -0.700392     0.311317      0.31757     0.340906     0.542135     0.217468    -0.329197    -0.278114    -0.427584    -0.285014
    0.310818    -0.488842    -0.701228     0.308067     0.315416     0.337805     0.540185     0.217128    -0.335776    -0.283054    -0.434815    -0.291348
     0.30903    -0.492686    -0.703551      0.30394     0.312616     0.334679     0.537782     0.215059    -0.343225    -0.288473    -0.440696    -0.298726
    0.305623    -0.495615    -0.704963     0.299903     0.308502      0.33125     0.535425     0.213399    -0.346771    -0.293578    -0.445491    -0.304611
    0.300798    -0.497498    -0.705863     0.296353     0.305141     0.328003     0.532614     0.213942    -0.352205    -0.297654    -0.452364    -0.308922
    0.295554    -0.501598    -0.707845     0.292768     0.301252      0.32484     0.529716     0.213406    -0.353577    -0.301771    -0.454214    -0.313189
    0.290878    -0.503313    -0.708496     0.288582     0.298546     0.321371     0.527001     0.211791    -0.358244    -0.306786    -0.458418    -0.317129
    0.287873    -0.503708    -0.709288     0.284743      0.29493      0.31856     0.523643      0.21128    -0.361267    -0.312438    -0.462276     -0.32255
    0.285315    -0.506136    -0.711052     0.280468      0.29102     0.317362     0.520853     0.210695    -0.366075    -0.317817    -0.466023    -0.326154
    0.282135    -0.509562    -0.711683     0.276975     0.288622     0.314888     0.518582     0.211228     -0.37213    -0.322176    -0.468114    -0.330539
    0.278849    -0.513499    -0.715791     0.272203     0.283307      0.31133     0.515086     0.211801    -0.375606    -0.325277    -0.473248     -0.33708
    0.273065    -0.519011    -0.718191     0.268873     0.280271     0.309525     0.512206     0.210224    -0.381103    -0.328426    -0.477489    -0.339575
    0.266698    -0.522794    -0.721122     0.264611     0.276563     0.307436     0.510031     0.210362    -0.382119    -0.332014    -0.480335    -0.341451
    0.262823    -0.526383    -0.723059     0.259895     0.273377     0.304229      0.50604     0.208831    -0.384438    -0.335677     -0.48327    -0.345299
     0.25931    -0.530934    -0.725866      0.25717     0.271253     0.300793     0.503642      0.20698    -0.386376    -0.339337    -0.488726    -0.351418
    0.254968    -0.534818    -0.730661     0.253281     0.267903     0.298328     0.500635     0.206846    -0.391861    -0.343587    -0.493443    -0.354282
    0.251294    -0.538338    -0.732077     0.250132     0.264941     0.296002     0.498615     0.207095    -0.394731    -0.348577    -0.496781    -0.358973
    0.248679    -0.540525    -0.733967     0.246967     0.260879     0.292213     0.496813     0.205849    -0.397158    -0.350594    -0.499837    -0.363012
    0.244006     -0.54198    -0.734418     0.244108     0.256909     0.288566     0.494911      0.20392    -0.399176    -0.355092    -0.502202    -0.365553
    0.239875    -0.545726    -0.737795      0.24048     0.254891     0.285613     0.493171     0.202313    -0.402214    -0.359469    -0.505893    -0.368369
    0.236756    -0.548879    -0.739923     0.238275     0.251717     0.282962     0.488928     0.201331    -0.405448    -0.362886    -0.507328     -0.36963
    0.230834     -0.55223    -0.741574     0.235258     0.248575     0.280251       0.4859     0.199218    -0.409578    -0.365927    -0.511568    -0.370798
    0.228262    -0.555363    -0.744649     0.232239     0.244727     0.278351     0.481605     0.197814    -0.412875    -0.369605    -0.514243    -0.372311
    0.222716    -0.557861    -0.747877     0.228436     0.241363     0.275357     0.477754      0.19643    -0.417896    -0.373408    -0.517083    -0.376668
    0.219616    -0.559785    -0.749207     0.225293     0.237713      0.27119     0.474041     0.194135    -0.422136    -0.377262    -0.522043    -0.381976
    0.216366     -0.56078    -0.750759     0.222358     0.234684     0.267912     0.472198     0.193173    -0.425083    -0.378051    -0.522528    -0.384262
    0.214858    -0.562771    -0.750801     0.219825     0.232181     0.265366     0.469349     0.192176    -0.432192    -0.381931    -0.525146    -0.388837
    0.212736    -0.562905    -0.751394     0.216985     0.228955     0.262469      0.46717     0.190666    -0.435992    -0.385054    -0.527951     -0.39164
    0.210646    -0.565716    -0.754203     0.212885      0.22337     0.257448     0.464184     0.190139     -0.43866    -0.390261    -0.532895    -0.394043
    0.209915    -0.567418    -0.755949     0.209423     0.219744     0.254769     0.461724     0.188775    -0.442054    -0.393454    -0.536401    -0.398282
    0.208714    -0.567983    -0.756541     0.207161     0.217414     0.252848     0.459236     0.187646    -0.445334    -0.396094    -0.538756    -0.401779
     0.20702    -0.568622    -0.757639     0.204779     0.215743     0.250222     0.455861     0.185702    -0.449321    -0.399219    -0.541716    -0.404679
     0.20547    -0.571021    -0.759904     0.200482     0.212638     0.247886     0.453114     0.184675    -0.454442    -0.404511    -0.546117    -0.407468
    0.203422     -0.57209    -0.760987     0.197687     0.210309     0.244258     0.452037     0.183115    -0.458005    -0.407651    -0.548783    -0.410406
    0.200448     -0.57449    -0.763149     0.194182     0.208383     0.241142     0.449131     0.182149    -0.460068    -0.411305      -0.5509    -0.413646
    0.196479     -0.57684    -0.766227     0.190802     0.205596     0.237994     0.446433     0.180813    -0.464168    -0.415102    -0.553692    -0.416406
    0.192705    -0.579625    -0.767897     0.188363     0.203172     0.236175     0.444609     0.181026    -0.465962    -0.418401    -0.556023    -0.421334
    0.187824    -0.583761     -0.77048     0.184651     0.200931     0.234331     0.442855     0.179202    -0.468733    -0.422038    -0.559054    -0.426636
    0.183998    -0.586542    -0.774645     0.181048     0.197926     0.231725     0.440657     0.177035    -0.469481    -0.425374    -0.562079    -0.428316
    0.181316    -0.588882    -0.776134     0.178012     0.194719     0.229226       0.4379     0.175328    -0.474854    -0.430249    -0.565717    -0.431783
    0.177992    -0.591027    -0.778553     0.174645     0.191668     0.227106     0.435511     0.173676    -0.478082    -0.433552    -0.568941    -0.435847
    0.174906    -0.593012    -0.779993     0.172351     0.188842     0.226211     0.433245     0.171641    -0.479512    -0.436305    -0.570975    -0.437692
     0.17179    -0.594614    -0.781417     0.169197     0.187108     0.225021     0.430259     0.171327    -0.484481    -0.440144    -0.574469    -0.441206
     0.16764     -0.59674    -0.783532     0.166764     0.185179     0.222643     0.427744       0.1683    -0.488175    -0.442573    -0.575933    -0.443438
    0.164478    -0.599181    -0.785618     0.164144     0.181726     0.220586     0.425049     0.166889    -0.490345    -0.444829    -0.578351    -0.446087
    0.160369    -0.601232    -0.787499     0.161338     0.180105     0.217675     0.421968     0.164278    -0.491488    -0.447133      -0.5797    -0.447195
    0.156331    -0.603379    -0.788086     0.159523     0.177175     0.213918      0.41893     0.161958    -0.492532    -0.450225     -0.58216    -0.450325
     0.15259    -0.605278    -0.790222     0.156467     0.173823     0.211385     0.414918     0.160853    -0.494323    -0.451804    -0.583185    -0.451906
    0.149442    -0.608312    -0.793477      0.15236     0.170194     0.208327     0.412533     0.159166    -0.495011    -0.454096    -0.584805    -0.455089
    0.144605    -0.611518    -0.795148     0.149414     0.166833      0.20512     0.410221     0.158961    -0.494506    -0.456427    -0.586338    -0.456843
    0.139049    -0.614644    -0.796704     0.147076     0.162757     0.202427     0.407404     0.157288    -0.495646    -0.457852     -0.58807    -0.458875
    0.134091    -0.619449     -0.79937     0.143519     0.159458     0.199295     0.404773     0.155361    -0.495977    -0.460983    -0.590384    -0.461653
    0.131124    -0.621418    -0.801827     0.141439     0.157235     0.196879     0.402409     0.152803    -0.495753    -0.464936     -0.59283    -0.464126
    0.127498     -0.62585     -0.80441     0.138108     0.153116     0.194083     0.399497     0.151361     -0.49534    -0.468418     -0.59682    -0.468063
    0.124822    -0.627485    -0.805523     0.136539     0.150128     0.189532     0.397042     0.149347    -0.496357    -0.470967    -0.600425    -0.470913
    0.123024    -0.629834    -0.807054     0.133402     0.147736     0.186633     0.394691     0.148175    -0.497046    -0.474349    -0.601192    -0.474233
    0.121758    -0.631206    -0.810448     0.129817     0.144369     0.183489     0.391574     0.145931    -0.496793    -0.475954    -0.603067    -0.477166
    0.119591     -0.63266    -0.814727     0.127447     0.141348     0.181696     0.387972     0.144298    -0.496217    -0.478798    -0.606091    -0.478482
     0.11601    -0.635004    -0.817257     0.124995     0.138895     0.178456     0.385169     0.143169    -0.495413    -0.482612    -0.609356     -0.48115
    0.113502    -0.636922    -0.819249     0.121882     0.137033     0.176771     0.382529     0.141515    -0.494796    -0.484386    -0.611155    -0.484234
    0.110725    -0.641093    -0.823081     0.116973     0.132675     0.174829     0.380027     0.139359    -0.493804    -0.486626    -0.612676     -0.48596
    0.107892    -0.643634    -0.826146     0.114076     0.129609     0.171448     0.377674     0.138812    -0.492019    -0.487042    -0.612791    -0.486564
    0.106122    -0.646064      -0.8282     0.111754     0.127105     0.168783     0.375831     0.137286    -0.490992    -0.488553    -0.616059    -0.488119
    0.105055     -0.64936    -0.830952     0.108501     0.125653     0.166269     0.374255     0.136114    -0.489656    -0.491617    -0.616643    -0.489178
    0.103949    -0.651946    -0.833155     0.106209     0.123251      0.16425     0.372537     0.135871    -0.487913    -0.492469    -0.616832    -0.490163
    0.101943    -0.653946    -0.834018     0.104531     0.120586     0.161446     0.370948     0.135602    -0.486819    -0.495141    -0.619356    -0.491172
    0.100572    -0.655344    -0.836015     0.102668     0.117356     0.157451     0.369098     0.134316    -0.485603    -0.496231    -0.620858    -0.494311
   0.0959974    -0.658185    -0.837343     0.101443      0.11455      0.15355     0.366407     0.133508    -0.484828    -0.499002    -0.623645    -0.497418
   0.0922635    -0.660606    -0.839045     0.100281     0.113115     0.151231     0.364927     0.132936    -0.483764    -0.502466    -0.627243    -0.500024
   0.0899786    -0.663897    -0.841103     0.098842     0.110499     0.148373     0.361868     0.131274    -0.482606    -0.505633    -0.630288    -0.502418
   0.0891011    -0.666558    -0.844549    0.0956046     0.107437      0.14472     0.359811     0.128711    -0.480975    -0.508377    -0.632337    -0.503769
   0.0868307    -0.669167    -0.846444     0.092615     0.103292       0.1425      0.35737     0.127091     -0.47918    -0.511422    -0.634626    -0.506045
   0.0846887    -0.670257    -0.848044    0.0901168     0.100974     0.140751     0.354933     0.126138    -0.479273    -0.513987    -0.638325     -0.50856
   0.0819174    -0.670971    -0.848993    0.0880578    0.0999285      0.13844     0.352994     0.123858    -0.480036    -0.515784    -0.640926    -0.511826
   0.0783619    -0.674087    -0.849948    0.0871369     0.098995     0.137435      0.35091     0.122175    -0.481304     -0.51898    -0.642599    -0.512915
   0.0751972    -0.676894    -0.851421    0.0857578    0.0976958     0.136187     0.348014     0.119947    -0.484154    -0.520197    -0.644267    -0.515018
   0.0712811     -0.67936    -0.852466    0.0850971    0.0961012     0.135092     0.345661     0.117441    -0.486287     -0.52276     -0.64596    -0.516468
   0.0685454    -0.682078    -0.854383    0.0827493    0.0942778     0.132695     0.344274     0.115224    -0.488206    -0.525276    -0.647733    -0.518246
   0.0675694    -0.683885    -0.856589     0.080379    0.0928344     0.131765     0.342779     0.113458    -0.490248    -0.526819    -0.648148    -0.521649
   0.0654568    -0.684911    -0.857691    0.0793567    0.0913025     0.130421      0.34144     0.112244    -0.490838    -0.529405    -0.651694    -0.524993
   0.0640323    -0.686608    -0.858843     0.077967    0.0891956     0.128331     0.338103     0.108546    -0.492243    -0.532632    -0.653915     -0.52675
   0.0620228    -0.689201    -0.859775    0.0765314    0.0871302      0.12629     0.336277     0.106487     -0.49139    -0.535459    -0.657173    -0.529357
   0.0578113    -0.692031    -0.861784    0.0747176    0.0851521     0.125193     0.333471     0.105262     -0.49099     -0.53808    -0.659331    -0.530839
   0.0557651    -0.692737    -0.862924    0.0731376    0.0839198     0.124203     0.332275     0.104318    -0.491301    -0.540751    -0.661354    -0.532853
   0.0538444    -0.694912    -0.865675     0.070782    0.0827845     0.122466     0.330859      0.10184    -0.490856    -0.542641    -0.662229    -0.535417
   0.0518019    -0.697146    -0.867303    0.0688841    0.0807846     0.121551      0.32909     0.100579    -0.491289    -0.544165    -0.665014    -0.536378
   0.0488758    -0.699538    -0.870861    0.0664826    0.0789291     0.120249     0.327424    0.0982959     -0.49028    -0.545818    -0.667446     -0.53817
   0.0467226    -0.703091    -0.874142     0.062922    0.0764077     0.118263     0.324643    0.0965363    -0.490835    -0.549171    -0.670166    -0.542528
   0.0442404     -0.70447      -0.8758    0.0602321    0.0744411     0.115294     0.322656    0.0937503    -0.489667     -0.55179    -0.671568    -0.543215
   0.0426642    -0.706379    -0.877222    0.0588186    0.0710924     0.113767     0.320378    0.0916764    -0.489545    -0.554311    -0.673015     -0.54526
   0.0402897    -0.708351    -0.879274    0.0574002    0.0691506     0.111315     0.318267    0.0906868    -0.491081    -0.556785    -0.675814    -0.546354
   0.0379629    -0.708932    -0.880715    0.0549533    0.0676064     0.109437     0.315597    0.0889083    -0.491365    -0.557754    -0.676832    -0.548243
   0.0367547    -0.710097    -0.882001    0.0531113    0.0660114     0.107163     0.313072    0.0871746    -0.492015    -0.561066    -0.677734    -0.551216
   0.0352985    -0.711144    -0.883787    0.0518749    0.0653262      0.10491     0.310975    0.0849539    -0.492832    -0.562935    -0.680273    -0.552599
   0.0335124    -0.712872    -0.885952    0.0502338      0.06454     0.103627     0.308305    0.0835047    -0.492965    -0.564489    -0.682605    -0.555349
   0.0321512    -0.714653    -0.887734    0.0475397    0.0635383     0.101487      0.30619    0.0822653    -0.494201    -0.565942    -0.685176    -0.557951
   0.0306236    -0.716732    -0.889581    0.0445714    0.0614008    0.0991363     0.304127    0.0809614    -0.494633    -0.568435    -0.687451    -0.559822
    0.029361    -0.718731    -0.892082     0.042245    0.0594461    0.0976157     0.302286    0.0791156    -0.494955    -0.572363    -0.690761    -0.561896
   0.0279866     -0.72077    -0.893977    0.0394991    0.0581156    0.0958444     0.300799    0.0772067    -0.495224    -0.574974    -0.693671    -0.565984
   0.0264539    -0.722893    -0.895572    0.0376725    0.0568472    0.0947021     0.299223    0.0754649    -0.495964    -0.577363    -0.694749    -0.568643
   0.0250912    -0.724422    -0.897059    0.0353679    0.0549907    0.0927908     0.297221    0.0741788    -0.496363    -0.579264    -0.696156    -0.569096
   0.0240542     -0.72601     -0.89911    0.0336934    0.0532898    0.0913065      0.29577    0.0726166    -0.497022    -0.581697    -0.698364    -0.570687
   0.0226627    -0.727132    -0.900318    0.0324736    0.0521643    0.0899393     0.293561    0.0701856    -0.498352    -0.584592    -0.700152    -0.573375
   0.0214502    -0.727944    -0.901297    0.0304203    0.0499459    0.0887558     0.292226    0.0683172    -0.498751    -0.586206      -0.7011    -0.574916
   0.0205151    -0.729171    -0.903579    0.0274542    0.0478008    0.0869449     0.290438    0.0652376     -0.49913    -0.587746    -0.703526    -0.577682
   0.0198553    -0.730255    -0.905759    0.0249965    0.0467872    0.0858981     0.288636    0.0631326    -0.503342    -0.589579    -0.704939    -0.580103
   0.0191206    -0.731481    -0.907281    0.0230916    0.0457244    0.0854014     0.287101    0.0613282    -0.503223    -0.592191    -0.707199    -0.581408
   0.0183561    -0.732647    -0.909755    0.0213235    0.0444023    0.0845984     0.285648    0.0600092    -0.503689    -0.594755    -0.708479    -0.584217
   0.0176306    -0.733776    -0.910741    0.0200375    0.0431878    0.0828537     0.284434    0.0585578    -0.503801    -0.596614    -0.710556     -0.58569
   0.0162351     -0.73568     -0.91227    0.0191728    0.0420906    0.0810909      0.28292     0.057389    -0.504429    -0.598378    -0.712782    -0.587513
   0.0149695     -0.73852    -0.913537    0.0186007    0.0410833     0.079423     0.280983      0.05566    -0.504454    -0.599783    -0.714302    -0.588023
   0.0136361    -0.739895    -0.915236    0.0170913    0.0397477     0.078357     0.279146    0.0543887     -0.50506    -0.601379    -0.716433    -0.588806
   0.0122096    -0.741523    -0.917571    0.0156818    0.0388185    0.0769882     0.277205    0.0529308     -0.50593    -0.603544    -0.718107    -0.588381
   0.0109902    -0.743169    -0.919908    0.0145563    0.0380047    0.0758261     0.275755    0.0507682    -0.505084     -0.60521    -0.719089     -0.58906
  0.00972477    -0.744521    -0.922642    0.0133205    0.0365926    0.0742395     0.274397    0.0492968    -0.505313    -0.606609    -0.720986     -0.59152
  0.00748974    -0.745833    -0.924482    0.0116976    0.0347871    0.0728907     0.271817     0.046667    -0.505364     -0.60889    -0.722831    -0.592997
  0.00510243    -0.747627    -0.926418    0.0102533    0.0327964    0.0714886     0.270291    0.0444937      -0.5055    -0.611218    -0.724652    -0.593635
  0.00464858    -0.749087    -0.928527   0.00836177    0.0305516    0.0703042     0.267926    0.0419024    -0.505842    -0.613003    -0.726243    -0.595137
   0.0039178    -0.751205    -0.930442   0.00708043    0.0285011    0.0687232     0.266174    0.0393666    -0.506025    -0.614583    -0.728004    -0.597694
   0.0034794    -0.753957    -0.931729   0.00544793     0.027642    0.0668868     0.263864    0.0370084    -0.505852    -0.616142    -0.730458    -0.599181
   0.0024214    -0.754953    -0.932798   0.00369837    0.0260962     0.064353     0.261872    0.0343967    -0.506321    -0.617748    -0.732022    -0.601989
   0.0012007    -0.756565    -0.934199   0.00172485    0.0240443    0.0626529     0.259915    0.0325721    -0.507553    -0.618893    -0.732936    -0.603178
  0.00042037    -0.757719    -0.935853   -0.0001482    0.0224574     0.061029     0.257293    0.0313399     -0.50766    -0.621092    -0.733615    -0.604924
 -0.00123897     -0.75892     -0.93733  -0.00203058    0.0207373    0.0600791     0.256038    0.0292922    -0.508636    -0.622213    -0.734342    -0.606513
  -0.0025655    -0.759424    -0.938101   -0.0032574     0.018229    0.0587904     0.254563    0.0264528    -0.509551    -0.623784    -0.736332    -0.608484
 -0.00344488     -0.75939    -0.938989  -0.00463811    0.0149537     0.056597     0.253342    0.0242622    -0.509899    -0.625151    -0.738671     -0.61084
 -0.00415584     -0.76007    -0.939346  -0.00577058    0.0106399    0.0540249     0.251634    0.0221965    -0.510314    -0.627949    -0.741506    -0.613486
 -0.00452292    -0.759785    -0.939336  -0.00724106   0.00780462    0.0516073     0.249974    0.0206223    -0.510847    -0.629298    -0.743573    -0.614366
  -0.0051091    -0.759967    -0.939713  -0.00871188   0.00638259    0.0495769     0.248712     0.018514    -0.511722     -0.63084    -0.744505    -0.614808
 -0.00550344     -0.75972    -0.939039  -0.00999518   0.00384485    0.0478816     0.247101    0.0160873    -0.512716     -0.63184     -0.74613     -0.61558
 -0.00592459    -0.759863    -0.938471   -0.0109641   0.00312418    0.0463538      0.24538    0.0144094    -0.513003    -0.632635    -0.746536    -0.617361
 -0.00684628    -0.760306    -0.938452   -0.0117943   0.00107435    0.0455176     0.243835    0.0120339    -0.512825    -0.635391    -0.748535    -0.619163
 -0.00851052    -0.760841    -0.938212   -0.0124327 -0.000879809    0.0445821     0.242007    0.0105219    -0.512899    -0.636142     -0.74985    -0.620725
  -0.0101229    -0.761982    -0.938589   -0.0135166  -0.00177745    0.0433888      0.23992   0.00872525    -0.513653    -0.638212    -0.751184    -0.621869
   -0.011734    -0.762187    -0.939616   -0.0154103  -0.00268094    0.0423917     0.238494   0.00815633    -0.514579    -0.640004    -0.753009    -0.623423
  -0.0123962    -0.762204    -0.939833   -0.0174134  -0.00400022    0.0406718     0.236708   0.00681927    -0.515655    -0.641889    -0.754803    -0.625262
  -0.0134749    -0.762839     -0.94094   -0.0195803  -0.00521755    0.0383183     0.234748   0.00590398    -0.517044    -0.644362    -0.756369    -0.627728
  -0.0145821    -0.763545     -0.94205   -0.0205832  -0.00604685    0.0368658      0.23296   0.00473632    -0.518176    -0.647163    -0.759306    -0.628497
  -0.0149635    -0.763647    -0.942486   -0.0214296  -0.00762252    0.0359601     0.231004   0.00273368    -0.519169    -0.648157    -0.760499     -0.62978
  -0.0155355    -0.763779    -0.942575    -0.022737   -0.0107547    0.0352837      0.22939   0.00044362    -0.520027    -0.649546    -0.762059    -0.630965
  -0.0164637    -0.764405    -0.942874   -0.0241165   -0.0135462    0.0335347     0.227601 -0.000957058    -0.521996    -0.650914     -0.76309    -0.633111
  -0.0171411    -0.765422    -0.943791   -0.0255337     -0.01642     0.031393      0.22626  -0.00257813      -0.5225    -0.652373    -0.764165    -0.634812
    -0.01749    -0.766162    -0.944422   -0.0274539   -0.0178184    0.0297606     0.224298   -0.0048247    -0.523565    -0.653753    -0.765418    -0.636972
  -0.0182046    -0.767985    -0.945753   -0.0289288   -0.0188869    0.0282316     0.222573  -0.00601078    -0.523926     -0.65492     -0.76685    -0.638422
  -0.0191386    -0.768888    -0.947743   -0.0300175   -0.0207692    0.0267952     0.220679  -0.00843977    -0.525231    -0.656434    -0.768824    -0.638888
  -0.0201865    -0.769613    -0.948412   -0.0312347   -0.0214681    0.0257376     0.218545  -0.00952876    -0.525755    -0.658146    -0.770642    -0.641542
   -0.020798    -0.770647    -0.948998   -0.0324279   -0.0227325    0.0241732     0.216977   -0.0111447    -0.525706    -0.659159     -0.77162    -0.643121
  -0.0222114    -0.771332    -0.949863   -0.0335804   -0.0247558    0.0228652     0.216102   -0.0125532    -0.525955    -0.661083    -0.773903    -0.644787
  -0.0237905    -0.771762    -0.950778   -0.0347564   -0.0257227    0.0215077     0.214882   -0.0142021    -0.525563    -0.663374    -0.774012    -0.645772
  -0.0247017    -0.772929    -0.951577    -0.036177   -0.0261452    0.0204754     0.213652   -0.0161789    -0.526767    -0.664624    -0.775216    -0.647442
  -0.0256024     -0.77381    -0.952406   -0.0367591    -0.027691    0.0183384     0.212393   -0.0184821    -0.527914    -0.665442    -0.775544    -0.648701
  -0.0264987    -0.775032    -0.953082   -0.0390483   -0.0281993    0.0175955     0.210784   -0.0206701    -0.529673    -0.666872    -0.776526    -0.650246
  -0.0275725    -0.776286    -0.954358   -0.0407983   -0.0290151     0.015775     0.208432   -0.0223107    -0.530668    -0.668614    -0.778339    -0.652319
  -0.0285648    -0.777019    -0.955518   -0.0422432   -0.0306222    0.0137209     0.206858   -0.0248838    -0.531543    -0.669949    -0.779581    -0.654515
  -0.0308199    -0.777624    -0.955678    -0.043257   -0.0321842    0.0125735     0.205205   -0.0266547    -0.532526    -0.670868    -0.781177     -0.65705
  -0.0327861    -0.778619    -0.956361   -0.0445588   -0.0335832    0.0109526     0.203164   -0.0285949    -0.532748    -0.673467    -0.783285    -0.658603
  -0.0345016    -0.779012    -0.956986   -0.0450687   -0.0348255    0.0086174     0.200965   -0.0308415    -0.533402    -0.674529    -0.784085    -0.660691
   -0.036876    -0.780598    -0.958369   -0.0461577   -0.0360177   0.00654349     0.199108   -0.0329157     -0.53407    -0.676278    -0.785912    -0.662147
  -0.0384858    -0.781818    -0.959688   -0.0474876   -0.0389245   0.00378358     0.196922   -0.0348607    -0.535399    -0.677365    -0.786814    -0.663261
  -0.0389298    -0.782764    -0.960345   -0.0486411    -0.040389     0.001676      0.19507    -0.036441    -0.535792    -0.678537    -0.788807    -0.664828
  -0.0397793    -0.783639    -0.960913   -0.0495788   -0.0423692  0.000191876     0.193466   -0.0382659     -0.53668    -0.679739    -0.789432    -0.666682
  -0.0417872    -0.785427    -0.961282   -0.0513687   -0.0438575 -0.000970879     0.192283   -0.0399439    -0.537202    -0.682144    -0.791139    -0.668408
  -0.0432961    -0.786108    -0.962136    -0.052657   -0.0447665  -0.00183834     0.190423   -0.0412936    -0.537548    -0.683462    -0.792615     -0.66918
  -0.0447388    -0.787017    -0.962607   -0.0536338   -0.0464267   -0.0039012     0.188285   -0.0425711    -0.537823    -0.683651    -0.793578    -0.670327
  -0.0459396    -0.788171    -0.962886   -0.0550206   -0.0480357  -0.00619918     0.185743    -0.043967    -0.537991    -0.684795    -0.794763    -0.671233
  -0.0465243    -0.789444    -0.965356   -0.0569313    -0.049927  -0.00874216     0.183866   -0.0453245    -0.538277    -0.685283    -0.796018    -0.672463
  -0.0472532    -0.790984    -0.967897   -0.0594331   -0.0523776   -0.0105956     0.181947   -0.0466159    -0.538432    -0.685768    -0.797004    -0.673697
  -0.0478964    -0.792905    -0.970003   -0.0614097   -0.0537028   -0.0115666     0.180751   -0.0476129    -0.538458    -0.685907    -0.796694    -0.673862
  -0.0491672    -0.795088     -0.97263   -0.0629254   -0.0548456   -0.0126714     0.179253   -0.0485102    -0.538512    -0.686268    -0.797913    -0.675124
  -0.0503431    -0.796547    -0.973868   -0.0647187   -0.0553776   -0.0135209     0.177473   -0.0501896     -0.53839    -0.686901    -0.798209     -0.67611
  -0.0516191    -0.798246    -0.974758   -0.0659193   -0.0562983   -0.0141683      0.17601    -0.051923    -0.539356    -0.688555    -0.798593    -0.677498
  -0.0529713    -0.799766    -0.975283   -0.0667639   -0.0569439   -0.0150367     0.173091   -0.0535867     -0.53953    -0.689913    -0.799472    -0.679017
  -0.0537345    -0.800937    -0.976219   -0.0683715   -0.0574262   -0.0155899     0.171345   -0.0555151    -0.540863    -0.690648    -0.800345    -0.679667
  -0.0547245    -0.802228    -0.978281    -0.069211    -0.058956   -0.0171221     0.169722   -0.0565272    -0.540933    -0.691637    -0.801205    -0.680832
   -0.055556    -0.803068    -0.978962   -0.0702099   -0.0599701   -0.0183791     0.167962   -0.0583905    -0.541552    -0.692298    -0.801976    -0.681544
  -0.0564912    -0.804533      -0.9797   -0.0715848   -0.0609324   -0.0197511     0.166063   -0.0596669    -0.542779    -0.693779    -0.803415    -0.682709
   -0.057551    -0.806205    -0.982284   -0.0730918   -0.0616923   -0.0206051     0.164828   -0.0615412    -0.543432    -0.695362    -0.803904    -0.683515
   -0.058456    -0.807069    -0.984807   -0.0743727   -0.0630001   -0.0212363     0.163982   -0.0633519    -0.544953     -0.69641    -0.804728    -0.685446
  -0.0593375    -0.809415     -0.98641   -0.0757441   -0.0642196   -0.0224295     0.162515    -0.065442    -0.546226    -0.697104    -0.806727    -0.686735
  -0.0603274    -0.810871     -0.98744   -0.0771965   -0.0652324   -0.0236635     0.161138   -0.0674786    -0.546986    -0.699686    -0.808093    -0.689175
  -0.0611963    -0.812401    -0.989129   -0.0787719   -0.0674608   -0.0247422     0.160006   -0.0688698    -0.547193    -0.700343    -0.809629    -0.689574
  -0.0625064    -0.814021    -0.990551   -0.0803436   -0.0688807   -0.0261933     0.158758   -0.0700326    -0.547475    -0.701644    -0.810921    -0.690911
  -0.0638922     -0.81636    -0.991653   -0.0814495   -0.0702856   -0.0273635     0.157684   -0.0712981    -0.547941    -0.703374    -0.812808    -0.692321
  -0.0658519    -0.818251     -0.99278    -0.083518   -0.0710863   -0.0293618     0.156097   -0.0730341    -0.548793     -0.70422    -0.813901    -0.693649
  -0.0674589    -0.820751     -0.99359   -0.0848362   -0.0719056   -0.0309749     0.154868   -0.0745359    -0.548529    -0.705259    -0.814619    -0.695194
  -0.0695355    -0.823052    -0.993671    -0.085275   -0.0738865   -0.0320744     0.153925   -0.0754634    -0.548723    -0.706498    -0.815427    -0.695926
   -0.070344    -0.824667    -0.994397   -0.0860093   -0.0758007   -0.0330733     0.152764   -0.0770237    -0.548995    -0.707142    -0.816621    -0.697197
  -0.0715854    -0.825629    -0.995535   -0.0869196   -0.0772984   -0.0343211     0.151391   -0.0782129    -0.549815    -0.707221     -0.81714    -0.698296
  -0.0722643    -0.826348    -0.996228   -0.0880745   -0.0784248   -0.0353299     0.149664   -0.0795114    -0.550948      -0.7079     -0.81771    -0.699797
  -0.0729582    -0.827141    -0.997326   -0.0888961   -0.0793806   -0.0364017     0.148437   -0.0810432    -0.552077     -0.71005    -0.819791    -0.701994
  -0.0739155    -0.828299     -0.99929   -0.0896117   -0.0801382    -0.037874     0.146959   -0.0824734    -0.553053    -0.711164    -0.821258    -0.703579
   -0.074821     -0.82952     -1.00032   -0.0905648   -0.0814238   -0.0398788      0.14518   -0.0837553    -0.553521    -0.712203     -0.82234    -0.704309
  -0.0753554    -0.830101     -1.00122   -0.0916152   -0.0819764   -0.0415244     0.143852   -0.0848027     -0.55529    -0.713987    -0.824116    -0.705741
  -0.0758327    -0.830934     -1.00222    -0.092903   -0.0829261    -0.043453     0.142615   -0.0864328    -0.555781     -0.71493    -0.826126    -0.707217
  -0.0764673    -0.831901     -1.00316   -0.0940522   -0.0846582   -0.0446254     0.140959   -0.0877352    -0.555911    -0.716154    -0.827573    -0.708826
  -0.0771218    -0.833417     -1.00427   -0.0952457   -0.0859625   -0.0457318     0.139555   -0.0894399    -0.556538     -0.71637    -0.828828    -0.709626
  -0.0773813     -0.83385     -1.00504   -0.0959614   -0.0871057   -0.0466761     0.137553   -0.0905342    -0.556519    -0.717565    -0.829869    -0.710685
  -0.0778579    -0.833874     -1.00585   -0.0969852   -0.0890583   -0.0474019     0.136805     -0.09152     -0.55686    -0.719276    -0.831012    -0.712022
  -0.0783671     -0.83479     -1.00668   -0.0985602   -0.0902434   -0.0484038     0.135941   -0.0939355    -0.558612     -0.72063    -0.831811    -0.713037
  -0.0794249    -0.835647     -1.00793    -0.100229   -0.0920936   -0.0496318      0.13433    -0.095278     -0.55902    -0.722154    -0.833531    -0.715222
  -0.0802881    -0.836267     -1.00857    -0.101058     -0.09345   -0.0506063     0.133479   -0.0969082    -0.559828    -0.723159    -0.834403    -0.715823
  -0.0813336    -0.836958     -1.00913    -0.101931   -0.0950042   -0.0521599     0.131712   -0.0994051    -0.560731     -0.72413     -0.83585    -0.717332
  -0.0823905    -0.838429      -1.0099    -0.103347   -0.0964867   -0.0535929     0.130197    -0.101356    -0.560744    -0.725291    -0.836889    -0.718601
  -0.0835595    -0.839129     -1.01074      -0.1055   -0.0976758   -0.0546098     0.128191    -0.102991     -0.56064     -0.72642    -0.837817    -0.719756
  -0.0843783    -0.840055     -1.01178    -0.107889   -0.0985801   -0.0554923     0.126356    -0.103925    -0.561037    -0.727152    -0.839333    -0.720983
   -0.085317    -0.840849     -1.01259    -0.108911   -0.0997726   -0.0563348     0.124598    -0.106102     -0.56192    -0.728662    -0.840208    -0.722397
  -0.0867702    -0.841475     -1.01323    -0.110681    -0.101014   -0.0575579     0.122874    -0.108089    -0.563831    -0.730119    -0.841204    -0.724049
  -0.0881662    -0.842177     -1.01446    -0.112271    -0.102718   -0.0591923     0.121641    -0.109454    -0.564443    -0.731259    -0.842084    -0.725038
  -0.0896595     -0.84283     -1.01633    -0.115567    -0.104442   -0.0602154     0.120541    -0.112161    -0.564453    -0.731692    -0.842571    -0.724995
  -0.0904904     -0.84408     -1.01753    -0.118662    -0.105366   -0.0609988     0.119454     -0.11341    -0.564871    -0.732478    -0.844389    -0.725855
  -0.0922276    -0.845229     -1.01846       -0.121    -0.106635   -0.0616289     0.118706    -0.114801    -0.566763    -0.734138    -0.845258    -0.727505
  -0.0934562    -0.846897     -1.01988     -0.12238    -0.108249   -0.0627024      0.11709    -0.115528    -0.567115    -0.735319    -0.846653    -0.728719
  -0.0940561    -0.848631       -1.021    -0.123883    -0.110225   -0.0646315     0.116116    -0.116753    -0.567936    -0.737124     -0.84707    -0.730085
  -0.0955361    -0.850264     -1.02186    -0.124718    -0.112762   -0.0659992     0.115034    -0.117044    -0.567785    -0.738784    -0.847582    -0.730895
  -0.0973994     -0.85104     -1.02285    -0.126536    -0.114875   -0.0669248     0.113472    -0.117674    -0.568314    -0.739831    -0.848281     -0.73164
  -0.0997884    -0.851774     -1.02376    -0.128061    -0.116501   -0.0682038     0.112066    -0.118652    -0.570028    -0.741602    -0.849612    -0.732665
   -0.101081    -0.852818     -1.02486    -0.129539    -0.117507   -0.0691662     0.110361    -0.120364     -0.57164     -0.74204    -0.850352    -0.733526
   -0.102291    -0.853371     -1.02548    -0.130328    -0.119255   -0.0703028     0.108313    -0.121598    -0.572586    -0.743442    -0.851654    -0.735042
   -0.103036    -0.853699     -1.02643    -0.131524    -0.121699   -0.0710708     0.107443    -0.122858    -0.573838    -0.744475    -0.852188    -0.736294
   -0.103533    -0.854369     -1.02733    -0.132905    -0.124338   -0.0725902     0.106458    -0.124478    -0.574275    -0.745279    -0.853077    -0.737111
   -0.104776    -0.855443     -1.02871    -0.134574    -0.125553   -0.0735899     0.105051    -0.126033    -0.574788    -0.746502    -0.854373    -0.738457
   -0.106015    -0.856394     -1.02987    -0.135637    -0.126282   -0.0749029     0.103734    -0.127287    -0.575165    -0.748226    -0.854949    -0.740503
   -0.106525    -0.857069     -1.03043    -0.136553    -0.127464   -0.0759379     0.102808    -0.128566    -0.576305    -0.749481    -0.856223    -0.741545
   -0.107553    -0.857871     -1.03148    -0.138042    -0.129105   -0.0768157      0.10198    -0.129472    -0.576956    -0.750613    -0.857597    -0.742218
   -0.109203    -0.858292     -1.03218    -0.139023    -0.131216   -0.0778821     0.101016    -0.131096      -0.5781    -0.751136    -0.858639    -0.743067
    -0.11022    -0.858851     -1.03251    -0.139894    -0.132707   -0.0789304     0.100209     -0.13299    -0.578873    -0.751719    -0.859871    -0.744446
    -0.11193    -0.859776     -1.03373    -0.141161    -0.134142   -0.0799713    0.0988928    -0.134177    -0.578799    -0.752433     -0.86087     -0.74541
   -0.113136    -0.860416     -1.03385    -0.142045    -0.136081    -0.081477    0.0972176    -0.135158    -0.579538    -0.754218    -0.862305    -0.745835
   -0.114346    -0.861275     -1.03551    -0.143301    -0.137394   -0.0831471    0.0954604    -0.136503    -0.579875    -0.754751    -0.863384    -0.746936
   -0.115235    -0.861927     -1.03649    -0.144942    -0.138186   -0.0844523    0.0941553    -0.137122    -0.580448    -0.756001     -0.86496    -0.748106
   -0.116511    -0.862783     -1.03758     -0.14597    -0.138931   -0.0857864    0.0930792    -0.137621    -0.581371    -0.757245    -0.866555    -0.749331
   -0.117583    -0.863805     -1.03897    -0.147312    -0.139765   -0.0875718    0.0924722    -0.138452    -0.581956    -0.758549    -0.867318    -0.750719
   -0.118659     -0.86495     -1.04014    -0.148479    -0.140891    -0.088862    0.0917348    -0.139707    -0.582624    -0.759268    -0.868472    -0.751796
   -0.119818    -0.865664     -1.04089    -0.149551    -0.141492   -0.0906879    0.0905987    -0.140409      -0.5837    -0.761112    -0.870027    -0.752784
   -0.120579     -0.86631     -1.04201    -0.150759    -0.142339   -0.0912406    0.0898572    -0.141687    -0.583617    -0.763126    -0.871553     -0.75421
   -0.121844    -0.867047     -1.04262    -0.151666    -0.143319   -0.0918238    0.0890171    -0.142433    -0.584208    -0.764223    -0.873216    -0.755517
   -0.123054    -0.867676     -1.04296    -0.153153    -0.144493   -0.0931075     0.087333    -0.143339    -0.585371    -0.765435     -0.87384    -0.756582
   -0.123479    -0.868484     -1.04356    -0.154544    -0.145142   -0.0942889    0.0861482    -0.145179    -0.585709    -0.766329     -0.87493    -0.757713
   -0.124134    -0.869188     -1.04452    -0.155718    -0.146743   -0.0957104    0.0854582    -0.146978    -0.586251    -0.767669    -0.876619    -0.758524
   -0.124978    -0.870043     -1.04531    -0.156885    -0.148098   -0.0966735     0.084176    -0.148679    -0.587029    -0.769377     -0.87805    -0.759792
    -0.12554    -0.870841     -1.04616    -0.157597    -0.148916   -0.0976003    0.0831625    -0.150219    -0.587431     -0.77081    -0.879554    -0.761188
   -0.126074    -0.871391     -1.04672    -0.158241    -0.149864   -0.0988482    0.0819067    -0.151723    -0.588186    -0.772307    -0.881004    -0.762767
   -0.126694    -0.872281     -1.04788    -0.159191    -0.151834    -0.101463    0.0807195    -0.153423    -0.588507    -0.774175    -0.882707    -0.764822
   -0.127389    -0.873075     -1.04889    -0.160622    -0.152811    -0.102604    0.0791492    -0.155005    -0.588655     -0.77583    -0.884146    -0.766109
   -0.127876    -0.873716      -1.0495    -0.161583     -0.15422    -0.103705    0.0777065    -0.156401     -0.58888    -0.776771    -0.884764    -0.767499
   -0.128293    -0.874599     -1.04998     -0.16231    -0.156224    -0.104579    0.0766988     -0.15765    -0.589578    -0.777399    -0.885245    -0.768289
   -0.128936    -0.875126     -1.05051    -0.162945    -0.158509    -0.105648    0.0755934    -0.159816    -0.590818    -0.779006    -0.886429    -0.769782
     -0.1296    -0.875806     -1.05102    -0.163715    -0.160924    -0.107035    0.0737802     -0.16191    -0.592141    -0.779531    -0.887461    -0.770833
   -0.130411    -0.876583     -1.05199    -0.164728    -0.163598    -0.108032    0.0727008    -0.163148    -0.592795    -0.780894    -0.889034     -0.77259
   -0.130791    -0.876953     -1.05306    -0.165401    -0.165607    -0.109639     0.071061    -0.164493     -0.59354     -0.78218    -0.890856    -0.774264
   -0.131669    -0.877639     -1.05456    -0.166293    -0.167375    -0.110838    0.0698181    -0.165752    -0.594146    -0.782889    -0.891551    -0.775406
   -0.132278    -0.878466     -1.05566    -0.167636    -0.168284    -0.111915    0.0682803    -0.166918    -0.594668    -0.783215    -0.893115    -0.776788
   -0.133002     -0.87922     -1.05676    -0.168555    -0.169541    -0.112411    0.0671237    -0.168747    -0.595202    -0.783602    -0.894221    -0.777686
   -0.133763    -0.880547     -1.05775    -0.169615    -0.170774    -0.113034    0.0666007    -0.169674    -0.595641    -0.785563    -0.895387    -0.778369
    -0.13485    -0.881405     -1.05907    -0.170413    -0.171924    -0.113565    0.0650858    -0.170399    -0.596358    -0.785441    -0.895695    -0.778533
    -0.13553    -0.882139     -1.06025    -0.171032    -0.173467    -0.114764    0.0639598    -0.171651    -0.597218    -0.786665    -0.896382    -0.779211
   -0.136324    -0.883068     -1.06119    -0.172384    -0.175437    -0.116011    0.0625379    -0.173326    -0.598291    -0.788535    -0.897652    -0.780783
   -0.137314    -0.883639     -1.06271    -0.174097    -0.176475    -0.117072    0.0612423    -0.174737    -0.598909    -0.790007    -0.898976    -0.782098
   -0.138385    -0.884363     -1.06425    -0.174462    -0.177849    -0.118827    0.0596911    -0.176117    -0.600015    -0.791899    -0.900261    -0.783537
   -0.139388    -0.885124     -1.06495    -0.175239    -0.178734    -0.120069    0.0581486    -0.177331    -0.600453    -0.792836    -0.900984    -0.784796
   -0.140593    -0.885754     -1.06557     -0.17587    -0.179687    -0.121638    0.0557378    -0.178405    -0.601531    -0.793507    -0.902049    -0.785464
   -0.141522    -0.885994     -1.06633    -0.176803    -0.180196    -0.122256    0.0542322    -0.179961    -0.602783    -0.794718    -0.902999    -0.787001
    -0.14224    -0.886435     -1.06675    -0.177488    -0.181878    -0.123239    0.0526655    -0.181117    -0.603056    -0.796095    -0.904293    -0.787967
    -0.14278    -0.886727       -1.067    -0.177992    -0.183474    -0.124412    0.0517741     -0.18251    -0.603661    -0.797493     -0.90534    -0.788751
   -0.143385    -0.887457     -1.06798    -0.178723    -0.185136    -0.125398     0.050736    -0.183669    -0.604415    -0.798809    -0.906906    -0.790173
   -0.143746    -0.888169     -1.06872    -0.179464    -0.185656     -0.12594    0.0493682    -0.185291    -0.604973    -0.799683    -0.907912    -0.790927
   -0.144566    -0.888806     -1.06939    -0.180243    -0.186686    -0.126841    0.0485026    -0.186547    -0.604944    -0.800316    -0.908692    -0.791373
   -0.144955    -0.889746      -1.0702    -0.181082    -0.187641    -0.128063    0.0471545    -0.187826    -0.605134    -0.800982    -0.908916    -0.791974
   -0.146262    -0.890963     -1.07095    -0.182123    -0.188246    -0.128602    0.0462024    -0.188881    -0.605168     -0.80161    -0.909622    -0.793229
   -0.146961    -0.892139     -1.07167    -0.182512    -0.189096    -0.129304    0.0451393    -0.189883    -0.605277    -0.802135    -0.910575    -0.794083
   -0.147414    -0.893223     -1.07239    -0.182986    -0.190564    -0.130131    0.0442086    -0.190623    -0.605587    -0.802897    -0.911023    -0.794672
   -0.148098     -0.89428     -1.07311    -0.183761    -0.191303    -0.130878    0.0430194    -0.191493    -0.605611    -0.804484    -0.912414    -0.795812
   -0.149137    -0.895144     -1.07373    -0.184808    -0.192086     -0.13155    0.0415894    -0.192795     -0.60584    -0.805523    -0.913203     -0.79655
   -0.150529    -0.896149     -1.07462     -0.18556    -0.193083    -0.132306    0.0404739    -0.193698    -0.606603    -0.806978    -0.914555    -0.797518
   -0.151216    -0.897083     -1.07536    -0.185609    -0.193965    -0.132799    0.0389184     -0.19518    -0.607027     -0.80798    -0.915887    -0.798681
   -0.152251     -0.89798     -1.07643    -0.186481    -0.194704     -0.13379    0.0379384    -0.196318    -0.607331    -0.807875    -0.916105    -0.799427
   -0.153417    -0.898854     -1.07748    -0.187475    -0.195528     -0.13455    0.0371188    -0.197492    -0.608202    -0.809371    -0.917443    -0.799929
   -0.154792    -0.899593     -1.07844    -0.188253    -0.196897    -0.135221    0.0360821    -0.198796     -0.60792    -0.810924    -0.918605    -0.801555
   -0.156414    -0.900894     -1.07943    -0.189085    -0.198033    -0.135893    0.0352653    -0.200229    -0.608597    -0.811993     -0.91975    -0.803322
   -0.157135    -0.901414     -1.08046    -0.189818    -0.199048    -0.136792    0.0339907    -0.201633    -0.608967    -0.813703    -0.921318    -0.804956
   -0.157799    -0.902509     -1.08161    -0.190164     -0.20031    -0.137369    0.0329288     -0.20281    -0.609148     -0.81483    -0.922463    -0.805963
   -0.158136    -0.903526     -1.08262    -0.190625    -0.201095    -0.137916    0.0319664    -0.203742    -0.610347    -0.815441    -0.922852    -0.806519
   -0.158742    -0.903689     -1.08349    -0.191617    -0.202641    -0.138346     0.031067    -0.205321    -0.611312    -0.816303    -0.923112    -0.807666
   -0.159352    -0.903768     -1.08423    -0.192985    -0.203183    -0.139067    0.0296932    -0.206644    -0.611738    -0.817326    -0.924086    -0.808306
   -0.160201    -0.904305     -1.08464    -0.194251    -0.203509    -0.139572    0.0287289    -0.208525    -0.612183     -0.81862    -0.924676    -0.809508
   -0.160794    -0.904978     -1.08486    -0.195188    -0.204222    -0.140008    0.0275225    -0.210321    -0.613184    -0.820194    -0.925305    -0.810727
   -0.161418     -0.90546     -1.08555    -0.196619    -0.205235    -0.140625    0.0264282    -0.211677    -0.613969    -0.820789    -0.925922    -0.811274
   -0.161735    -0.906321     -1.08567    -0.198232     -0.20591    -0.141183    0.0252684    -0.212788    -0.614622    -0.821955    -0.926597     -0.81212
   -0.162509     -0.90721     -1.08634    -0.199944    -0.206584    -0.141718     0.024251    -0.214551    -0.615834    -0.823408    -0.927559    -0.813073
   -0.162974    -0.907782     -1.08725    -0.201695    -0.206997     -0.14222    0.0232906    -0.215866    -0.616733    -0.824902    -0.929202    -0.813887
   -0.163255    -0.908765     -1.08791    -0.203379      -0.2079    -0.143096    0.0222604    -0.216414    -0.617033    -0.825949    -0.930242    -0.814702
   -0.163175    -0.909183     -1.08822    -0.204099    -0.209079    -0.143893    0.0214535    -0.217624    -0.617285    -0.827421     -0.93144    -0.815844
   -0.163643     -0.90964     -1.08874    -0.204778    -0.210063    -0.145205    0.0202214    -0.218683    -0.617637    -0.828671    -0.932141    -0.816917
   -0.163955    -0.910624     -1.08963    -0.205992    -0.211146    -0.146355    0.0187532    -0.219584    -0.617962    -0.829678    -0.932271    -0.817278
   -0.164234     -0.91147     -1.09044    -0.207446    -0.211867    -0.147059    0.0176087    -0.220475    -0.618378    -0.830656    -0.933367    -0.818156
   -0.164807    -0.912039      -1.0917    -0.208977    -0.213378    -0.148459    0.0170904    -0.220635    -0.618801    -0.831287    -0.933731    -0.818413
    -0.16534    -0.913166     -1.09288    -0.210386    -0.214444    -0.149444    0.0153379    -0.221109    -0.618957    -0.831853    -0.934182    -0.818848
   -0.165912    -0.914224     -1.09391    -0.211287     -0.21517    -0.149994    0.0139378    -0.222251    -0.618929    -0.832437    -0.935309     -0.81959
   -0.166467    -0.915071     -1.09504    -0.212195    -0.215629    -0.151027    0.0128492    -0.223093    -0.619025    -0.833781    -0.936085    -0.821748
    -0.16737     -0.91587     -1.09611    -0.213127    -0.217234    -0.151783    0.0112589    -0.223866    -0.619552    -0.834726    -0.936781    -0.822683
    -0.16829    -0.917098     -1.09749    -0.214011    -0.217816    -0.152949    0.0104617    -0.225016    -0.619681    -0.835806    -0.936922    -0.823371
   -0.168865    -0.918009     -1.09884     -0.21525    -0.218573    -0.153728   0.00941146     -0.22632    -0.620186    -0.836334    -0.937729    -0.824471
   -0.170119    -0.918878     -1.09989    -0.216514    -0.220102     -0.15469   0.00853683    -0.227079    -0.620985    -0.836761    -0.938171    -0.825182
   -0.171576    -0.919582     -1.10054    -0.217526    -0.221057    -0.155354   0.00723679    -0.227829    -0.620763    -0.838058    -0.938599    -0.826272
   -0.172453    -0.920434     -1.10116    -0.218716    -0.221974    -0.155839   0.00650727    -0.229016    -0.620929     -0.83892    -0.939123     -0.82715
   -0.172991    -0.920886     -1.10158    -0.219471    -0.222992    -0.156557   0.00598538    -0.230216    -0.621386    -0.839646    -0.940136    -0.828187
   -0.173733    -0.921451     -1.10234    -0.220174    -0.223573    -0.157325   0.00496429    -0.231674    -0.622217    -0.840551    -0.941454    -0.829432
   -0.174278    -0.922046     -1.10359    -0.220955    -0.224026    -0.158073   0.00460572    -0.233151     -0.62231    -0.842043    -0.942939    -0.830912
   -0.175118    -0.922838     -1.10432    -0.221505    -0.225047    -0.158713    0.0038603    -0.234583    -0.622765    -0.842058    -0.943229    -0.831775
   -0.175774    -0.923874     -1.10489    -0.223022    -0.226597    -0.159387   0.00324955    -0.235403    -0.623148    -0.842347     -0.94341    -0.832581
    -0.17632    -0.925061     -1.10567    -0.224393    -0.228395     -0.15986   0.00253971    -0.236477    -0.623549    -0.842624    -0.944404    -0.832795
    -0.17716     -0.92586     -1.10713    -0.225236    -0.229619     -0.16051   0.00154185    -0.237212    -0.624255    -0.843502    -0.945001    -0.833103
   -0.177772    -0.926857     -1.10842    -0.226001    -0.230327     -0.16128  0.000280916    -0.238128    -0.624766    -0.844202    -0.946353    -0.833931
   -0.178268    -0.927374     -1.10933    -0.227321    -0.231396     -0.16177 -0.000681996    -0.238994    -0.625059    -0.845084    -0.947488    -0.835028
   -0.178709    -0.928442     -1.11019    -0.228087    -0.232407    -0.162328  -0.00185524    -0.239988    -0.625911    -0.845998    -0.947925    -0.836033
    -0.17925    -0.929045     -1.11073    -0.229068     -0.23338    -0.163031  -0.00340413    -0.241743    -0.626064    -0.846915    -0.948075    -0.836544
   -0.180067    -0.930171     -1.11166     -0.22963    -0.234236     -0.16423  -0.00494679     -0.24291    -0.626441    -0.848414    -0.949343    -0.837552
   -0.180823    -0.931453     -1.11236    -0.230424    -0.235013    -0.165051  -0.00598305    -0.243839    -0.627125    -0.849124    -0.949864    -0.838356
   -0.181702    -0.932619     -1.11289    -0.231036    -0.235828    -0.166041  -0.00699775    -0.244774    -0.627716    -0.849905    -0.950052    -0.839513
   -0.182182    -0.933014     -1.11411    -0.232397    -0.236502    -0.166689  -0.00797081    -0.246188    -0.628637    -0.850436    -0.950962    -0.840261
   -0.182789    -0.933668     -1.11522     -0.23355    -0.237027    -0.167028  -0.00857513    -0.247585     -0.62934    -0.851471    -0.951493    -0.840974
   -0.182906    -0.934133     -1.11578    -0.234414    -0.237762    -0.167529  -0.00935307    -0.248311    -0.629975    -0.852441    -0.952564    -0.841745
   -0.183706    -0.934745     -1.11632    -0.235465    -0.238876    -0.168156   -0.0105377    -0.249109    -0.630609    -0.853122    -0.952743    -0.842922
   -0.184586    -0.935547     -1.11693    -0.236136    -0.240106    -0.168597   -0.0110863    -0.250373    -0.631183    -0.854488    -0.954056    -0.844032
   -0.185075    -0.935835     -1.11767    -0.237098    -0.241141     -0.16929   -0.0118605     -0.25129    -0.631909    -0.855191    -0.954748    -0.844995
   -0.185562    -0.936437      -1.1182    -0.237531    -0.241804    -0.170077   -0.0126795    -0.252319    -0.632037    -0.855966    -0.955852    -0.846137
   -0.186116    -0.936926     -1.11869    -0.238212    -0.242241    -0.170815   -0.0136073    -0.253474    -0.632369    -0.856878    -0.956798    -0.847325
   -0.186358    -0.937591     -1.11915    -0.238812    -0.242484    -0.171363    -0.014536    -0.255137    -0.632964    -0.857972    -0.958044    -0.848529
   -0.186658    -0.938207     -1.11956    -0.239544    -0.243006    -0.172515   -0.0154768    -0.256675    -0.633515    -0.858484    -0.958664     -0.84942
   -0.186925    -0.938725     -1.12006    -0.240194    -0.243441    -0.173298    -0.016592    -0.258273    -0.633833    -0.859415    -0.959143    -0.850644
   -0.187257     -0.93896       -1.121    -0.240849    -0.244275    -0.174147   -0.0179476    -0.259731    -0.634354    -0.860454    -0.960125    -0.851876
   -0.187833    -0.939643     -1.12161    -0.241375    -0.245086    -0.175115   -0.0189181    -0.260768    -0.635361    -0.861799    -0.960753    -0.852364
   -0.188323    -0.940293     -1.12205    -0.241719    -0.245893    -0.176025   -0.0199626     -0.26191     -0.63626    -0.862919    -0.961443    -0.853337
   -0.188578    -0.941032     -1.12262    -0.242444    -0.246179    -0.176958   -0.0207765    -0.263478     -0.63718    -0.863308    -0.961777    -0.853436
   -0.189065    -0.941346     -1.12322    -0.243236    -0.246561    -0.177857   -0.0222301     -0.26477    -0.638151    -0.863679    -0.962058    -0.853801
   -0.189287    -0.942031     -1.12375    -0.244034    -0.246775    -0.178512   -0.0235012    -0.265882    -0.638732    -0.864604    -0.962853    -0.854495
   -0.189727    -0.942416     -1.12404    -0.245148    -0.246956    -0.179069    -0.024626    -0.267028    -0.639238    -0.865267     -0.96337    -0.855317
   -0.189858    -0.942705     -1.12454    -0.246092    -0.247629     -0.18019   -0.0255419    -0.268186    -0.640577     -0.86618     -0.96431    -0.855967
   -0.190701    -0.943277     -1.12497    -0.246711     -0.24858      -0.1807    -0.026312    -0.268906    -0.640973    -0.867035    -0.965223    -0.856906
   -0.191723    -0.943689     -1.12527    -0.247256    -0.249055    -0.181277   -0.0270042    -0.270282     -0.64193    -0.867695    -0.966063    -0.857939
   -0.192036    -0.944634     -1.12583     -0.24784     -0.24956    -0.182191   -0.0279124    -0.271313    -0.642562    -0.868915    -0.967482    -0.858691
   -0.192578    -0.945053     -1.12651    -0.248582    -0.250281    -0.182695   -0.0292569    -0.272565     -0.64321    -0.869237    -0.968102    -0.859107
   -0.193024    -0.945408     -1.12726    -0.249269    -0.251631    -0.183386   -0.0299838     -0.27343     -0.64382    -0.870475    -0.969063    -0.860529
   -0.193621    -0.945788     -1.12785    -0.249923    -0.252406    -0.183901   -0.0311995    -0.274413    -0.644152     -0.87085    -0.968885     -0.86069
   -0.194142    -0.946746     -1.12856    -0.250541    -0.253309    -0.184953   -0.0322819    -0.275486    -0.644772    -0.871456    -0.969708    -0.861541
    -0.19448    -0.947363     -1.12902    -0.251114    -0.253804    -0.186038   -0.0329543    -0.276727    -0.646042    -0.871973      -0.9707    -0.862262
   -0.194941    -0.948323     -1.12965    -0.251719    -0.254664    -0.186922   -0.0336674    -0.278087    -0.647056    -0.872374      -0.9715    -0.863026
   -0.195209     -0.94904     -1.13087    -0.253225    -0.256068    -0.187406   -0.0347251    -0.279693    -0.647783    -0.873027    -0.971852    -0.863782
   -0.195606    -0.949785     -1.13165    -0.254083    -0.257047    -0.187899     -0.03554    -0.281161    -0.648489    -0.873677    -0.972731    -0.864328
    -0.19577    -0.950207     -1.13233    -0.255104    -0.257772     -0.18883   -0.0368886    -0.282359    -0.648891     -0.87422    -0.973401    -0.865181
   -0.196144    -0.950948     -1.13324    -0.256253    -0.258549    -0.189496   -0.0376521    -0.283396    -0.649393    -0.875113    -0.974083    -0.866212
   -0.196495     -0.95187     -1.13423    -0.257192    -0.259305    -0.190801   -0.0385999    -0.284256     -0.64988    -0.876126    -0.974731    -0.867132
   -0.196788    -0.952738     -1.13515    -0.258175    -0.260267    -0.191227   -0.0396944    -0.284929    -0.649782    -0.877094    -0.975298    -0.868077
   -0.197565    -0.953616     -1.13573    -0.259223    -0.261497    -0.192128   -0.0408069    -0.285805    -0.649792    -0.877805    -0.976412    -0.868963
   -0.197999    -0.954281     -1.13672    -0.260043    -0.262397       -0.193   -0.0414591    -0.286851    -0.650546     -0.87883    -0.977652    -0.869496
    -0.19834    -0.955404     -1.13794    -0.260915    -0.263587    -0.194074   -0.0422566    -0.287892    -0.650994    -0.879483    -0.978509    -0.870422
   -0.198705    -0.956432     -1.13919    -0.262151    -0.264309    -0.194462   -0.0431123    -0.288878    -0.651198    -0.879933    -0.979212    -0.871433
   -0.199702    -0.957537     -1.14016     -0.26313    -0.265393    -0.194916   -0.0441157    -0.290017    -0.651923    -0.880752    -0.980031    -0.872242
   -0.200086    -0.958744     -1.14113    -0.264235    -0.266035    -0.195523   -0.0451248     -0.29107    -0.652953     -0.88192    -0.981011    -0.872959
    -0.20061    -0.959812     -1.14175    -0.265065    -0.266332    -0.196332   -0.0461769    -0.292395    -0.653407    -0.882664    -0.981781    -0.874084
   -0.201443    -0.960749     -1.14217    -0.265611    -0.266711    -0.196737   -0.0468764    -0.293148    -0.654096    -0.883168    -0.982257    -0.874361
   -0.202093    -0.961103     -1.14289    -0.266356     -0.26702    -0.196909   -0.0476354    -0.293992    -0.654863    -0.883796    -0.983214    -0.875458
   -0.202937    -0.961737     -1.14345    -0.267014    -0.267639     -0.19738   -0.0480737    -0.294853    -0.655423    -0.884197    -0.983998    -0.876043
   -0.203256     -0.96234     -1.14424    -0.267347    -0.268258    -0.197833   -0.0488164      -0.2961    -0.655664    -0.885224    -0.984802    -0.876948
    -0.20367    -0.962831     -1.14515     -0.26796    -0.268638    -0.198311    -0.049907    -0.297029    -0.655919    -0.886003    -0.985539    -0.877991
   -0.204233     -0.96368     -1.14556    -0.268518    -0.269559    -0.198654   -0.0503185    -0.298096     -0.65656    -0.886093    -0.986354    -0.879288
    -0.20468    -0.964114     -1.14598     -0.26909    -0.270317    -0.198941   -0.0507151    -0.299048    -0.657525    -0.887199    -0.987156    -0.880083
   -0.205332    -0.964623     -1.14642    -0.269807    -0.270767    -0.199388   -0.0514933    -0.300368    -0.658161    -0.887607     -0.98811    -0.880714
   -0.206156    -0.964965     -1.14723    -0.270732    -0.271547    -0.199708   -0.0518796    -0.301267    -0.658956    -0.888312    -0.988558    -0.881461
   -0.206564    -0.965396     -1.14771    -0.271435    -0.272394    -0.200056   -0.0522463    -0.302462    -0.659776    -0.889378    -0.989586    -0.882711
   -0.207079     -0.96595     -1.14834    -0.272337    -0.273368    -0.200435   -0.0533525    -0.303503    -0.659911    -0.889949    -0.990106    -0.883303
   -0.207488    -0.966504     -1.14893    -0.272886    -0.274056    -0.201491   -0.0545698    -0.304878    -0.660147     -0.89053    -0.990976    -0.884458
   -0.208567    -0.967562      -1.1497    -0.273588    -0.275185    -0.202615   -0.0557731    -0.306239    -0.661302    -0.891472    -0.991855    -0.885259
   -0.209543    -0.968158     -1.15085    -0.274534    -0.275865    -0.203785    -0.056732      -0.3071    -0.661441    -0.892684    -0.992944    -0.886439
   -0.210021    -0.968762      -1.1518    -0.275125    -0.276359    -0.204468   -0.0575211    -0.308238    -0.662385    -0.893657    -0.993517    -0.887274
   -0.210425    -0.969364     -1.15258    -0.276318     -0.27715    -0.204896   -0.0582252    -0.308787    -0.663208    -0.894809    -0.994613    -0.888069
   -0.210982    -0.970096     -1.15357     -0.27779     -0.27765    -0.205888   -0.0591515    -0.309195    -0.664362     -0.89586    -0.995021    -0.888789
   -0.211479     -0.97088      -1.1546    -0.278756    -0.278293    -0.206434   -0.0598686    -0.310037    -0.665146    -0.896579    -0.995601    -0.889477
   -0.212037    -0.971372     -1.15515    -0.279644    -0.279622      -0.2069   -0.0606826    -0.311081     -0.66632    -0.896953    -0.996216    -0.889835
   -0.212706    -0.971691     -1.15591    -0.280332    -0.280532    -0.207893   -0.0614649    -0.311963    -0.666923    -0.897704    -0.996578    -0.890473
   -0.213211    -0.972582     -1.15611    -0.280693    -0.281148    -0.208877   -0.0622129    -0.312439    -0.667287    -0.897935    -0.997378    -0.891074
   -0.214276    -0.972947     -1.15678    -0.281666    -0.282471    -0.209971    -0.062648    -0.313218    -0.667906    -0.898882    -0.997919    -0.891958
   -0.215347    -0.973317     -1.15761    -0.281924    -0.283264    -0.210449   -0.0632204    -0.314278    -0.668328    -0.899619    -0.998661    -0.892888
   -0.215862    -0.973821     -1.15809    -0.282939    -0.284587    -0.212026   -0.0639415    -0.314905    -0.668767    -0.899964    -0.999193    -0.893978
   -0.216399    -0.974436     -1.15884    -0.283966    -0.285689    -0.213251   -0.0649627    -0.315695    -0.669526     -0.90076     -1.00022    -0.894644
   -0.217073    -0.975275     -1.15965    -0.285161    -0.287214    -0.214067   -0.0658338     -0.31667    -0.670019    -0.901416     -1.00081    -0.895618
   -0.217492    -0.976249     -1.16034    -0.286148     -0.28826    -0.214742   -0.0664464    -0.317303     -0.67007    -0.902601     -1.00172    -0.896654
   -0.218414    -0.976922     -1.16131     -0.28733    -0.288863    -0.215533   -0.0667663    -0.318223    -0.670838     -0.90303     -1.00275    -0.897125
   -0.218936    -0.977301     -1.16151     -0.28826    -0.289476    -0.216074   -0.0674667    -0.318854    -0.671361    -0.903806     -1.00335    -0.898001
   -0.219202    -0.977831       -1.162    -0.289448    -0.290041    -0.216828   -0.0678514    -0.319428    -0.672467    -0.904564     -1.00416    -0.898478
   -0.219715    -0.978372     -1.16264    -0.291422    -0.290581    -0.217438   -0.0682783    -0.319878    -0.673583    -0.905281     -1.00483    -0.898794
   -0.220332    -0.978787     -1.16302    -0.292373    -0.291472    -0.217807   -0.0689832    -0.320491    -0.674736    -0.906048     -1.00515    -0.899152
   -0.220864    -0.979069     -1.16346    -0.293623    -0.291978    -0.218404   -0.0696059    -0.321168    -0.675384    -0.906961     -1.00591     -0.89952
   -0.221572    -0.979903     -1.16382    -0.294837    -0.292533    -0.219086   -0.0703166    -0.322041    -0.676283    -0.907324     -1.00702    -0.900734
   -0.221825    -0.980623     -1.16394    -0.295339     -0.29348    -0.220217   -0.0709867    -0.322673    -0.677481    -0.907553     -1.00736    -0.901329
   -0.222188    -0.981102     -1.16438    -0.295617    -0.293981     -0.22126   -0.0716301    -0.323381    -0.678099    -0.908304     -1.00872    -0.901712
   -0.222333    -0.981501     -1.16478    -0.296219    -0.294772    -0.222289   -0.0724015    -0.323859     -0.67852     -0.90886     -1.00941    -0.901825
   -0.222915    -0.982207     -1.16549    -0.296604     -0.29549    -0.222959   -0.0729117    -0.324511    -0.679297    -0.909482      -1.0099    -0.902499
    -0.22387    -0.983004     -1.16637    -0.297381    -0.296274    -0.223617   -0.0737235    -0.325356    -0.680179    -0.910602     -1.01065    -0.902903
   -0.224684    -0.984056     -1.16745     -0.29835     -0.29707    -0.224378    -0.074387     -0.32573    -0.680668    -0.911083     -1.01147    -0.903503
   -0.225236    -0.984709     -1.16833    -0.298982    -0.297721    -0.225388   -0.0753431    -0.326395    -0.680853    -0.911618     -1.01231    -0.904521
   -0.226235    -0.985515     -1.16884    -0.299316    -0.297972    -0.225821   -0.0764257    -0.326692    -0.681067    -0.912669     -1.01288    -0.905529
   -0.227451    -0.986512     -1.16928    -0.299882     -0.29847    -0.226529   -0.0770492    -0.327294    -0.681593     -0.91354     -1.01385    -0.905897
   -0.228743    -0.987106     -1.17007    -0.300513    -0.299101    -0.227356   -0.0778613    -0.327837    -0.682322    -0.913973     -1.01442    -0.906407
   -0.230084    -0.988172      -1.1712    -0.301322    -0.300256    -0.228492   -0.0784948    -0.328348      -0.6825    -0.915177     -1.01557    -0.907455
   -0.231416    -0.988832     -1.17223      -0.3022    -0.301174    -0.229206   -0.0793412    -0.328616    -0.682616    -0.916038     -1.01645    -0.908323
   -0.232531    -0.989476      -1.1727    -0.303039    -0.301768     -0.22985   -0.0800951    -0.329136    -0.682859    -0.916972     -1.01735    -0.909285
   -0.233129    -0.990604     -1.17352    -0.304106    -0.302504    -0.230507   -0.0804003    -0.329146    -0.682802    -0.918147     -1.01832    -0.910088
   -0.233752    -0.991903     -1.17395    -0.304813    -0.302791    -0.230868     -0.08104     -0.33007    -0.682938    -0.918919     -1.01889    -0.910435
   -0.234596    -0.994012     -1.17451    -0.305792    -0.303292     -0.23133   -0.0816701    -0.330668    -0.682975     -0.91951     -1.01954    -0.911067
   -0.234962    -0.994615     -1.17543    -0.306837    -0.303937    -0.232099   -0.0824178    -0.331152    -0.683277     -0.92009     -1.01998    -0.911911
   -0.235283    -0.995264     -1.17621    -0.307854    -0.304621    -0.232649   -0.0830947    -0.331821    -0.683335    -0.921315      -1.0211    -0.912939
   -0.235636    -0.995909     -1.17701    -0.308434    -0.305172    -0.233356   -0.0840197    -0.332423    -0.683565    -0.922065     -1.02182    -0.913425
   -0.235989    -0.997066     -1.17772    -0.309112    -0.305626    -0.233741   -0.0848373    -0.333314    -0.683803    -0.922579     -1.02269    -0.913992
   -0.236323    -0.997732     -1.17821    -0.309852    -0.306275    -0.234741   -0.0858422    -0.333867    -0.684078    -0.923192       -1.023    -0.915035
   -0.236984    -0.998351     -1.17885    -0.310551    -0.307022     -0.23588    -0.086659    -0.334524    -0.684079    -0.923655     -1.02358    -0.915865
    -0.23749    -0.999223     -1.17962    -0.311351     -0.30779    -0.236915   -0.0873784     -0.33513    -0.684084    -0.924684     -1.02427    -0.916406
   -0.238176     -1.00015     -1.18059    -0.312085    -0.308225    -0.237401   -0.0878564    -0.335497    -0.684366    -0.925749     -1.02492    -0.917092
   -0.239105     -1.00057     -1.18108    -0.312692     -0.30846    -0.238024   -0.0888244    -0.335906     -0.68407    -0.926314     -1.02582    -0.917752
   -0.239946     -1.00153     -1.18156    -0.313433    -0.308812    -0.238812   -0.0894061    -0.336305    -0.684257    -0.926852     -1.02611    -0.918285
   -0.240302     -1.00226     -1.18205    -0.314057    -0.309671    -0.239573   -0.0901613    -0.336845    -0.684267    -0.927839      -1.0269    -0.919322
   -0.240758     -1.00295     -1.18327    -0.315142    -0.310263    -0.240275   -0.0906849    -0.337409    -0.684852     -0.92818     -1.02759    -0.919879
    -0.24118     -1.00355     -1.18435    -0.316129    -0.311038    -0.240836   -0.0916397    -0.337936    -0.685014    -0.928574     -1.02797    -0.920076
   -0.241694     -1.00413     -1.18497    -0.317068    -0.311718    -0.241555   -0.0922592    -0.338224    -0.685781    -0.929415      -1.0288    -0.920989
   -0.242369     -1.00462     -1.18547    -0.317674    -0.312346    -0.242495   -0.0931402    -0.338393    -0.686023    -0.930084     -1.02937    -0.921762
    -0.24291     -1.00519     -1.18581    -0.318272    -0.313265    -0.243242   -0.0937416    -0.338604    -0.686031    -0.931375     -1.03065     -0.92244
   -0.243435     -1.00578      -1.1863    -0.318926     -0.31408    -0.244317   -0.0942888    -0.338726    -0.686257    -0.932108     -1.03129    -0.922812