-3969.14
-3969.88
-3971.84
-3972.82
-3975.71
-3976.11
-3974.84
-3976.85
-3972.37
-3972.37
-3975.08
-3975.08
-3988.33
-3972.12
-3973.38
-3966.17
-3966.17
-3966.17
-3986.99
-3970.89
-3970.89
-3974.45
-3964.81
-3963.98
-3979.03
 -3969.2
-3961.13
-3961.13
-3961.13
-3962.49
-3969.37
-3969.69
-3961.34
-3961.34
-3965.23
-3965.23
-3964.02
-3968.13
-3973.79
-3966.97
-3966.41
-3981.45
 -3973.8
-3968.56
 -3962.8
-3966.09
-3966.19
 -3963.9
-3962.88
-3964.22
 -3959.3
-3962.94
-3963.61
-3964.22
-3962.18
 -3969.5
-3962.37
-3958.78
-3960.67
-3966.86
-3968.94
-3972.61
-3973.27
-3972.61
-3968.09
-3968.09
-3965.56
-3964.83
-3966.74
-3973.27
-3963.75
-3963.75
-3965.15
-3967.62
-3967.62
-3972.49
-3973.93
-3972.95
-3967.03
-3970.07
-3981.67
-3964.71
-3964.71
-3961.67
-3963.05
-3965.03
-3965.58
-3964.48
-3968.64
-3968.03
-3971.37
-3978.65
-3971.62
-3970.11
-3970.88
-3959.29
 -3965.3
-3966.85
-3966.41
-3966.17
-3967.64
-3963.21
-3965.79
-3964.95
-3961.73
-3968.63
-3968.63
-3968.63
-3970.07
-3970.07
-3958.98
-3958.98
-3966.03
-3968.56
 -3968.5
-3966.03
-3966.03
-3972.91
-3967.85
-3974.26
 -3969.1
-3962.89
-3966.05
-3966.58
-3971.42
-3965.54
-3963.77
-3963.08
-3964.27
-3962.87
-3969.47
-3968.36
-3966.38
-3961.68
-3963.47
-3965.95
-3964.09
-3966.61
-3963.84
-3975.03
 -3969.7
 -3964.6
-3963.77
-3972.46
-3966.23
-3965.28
-3966.21
-3972.71
-3972.71
-3964.96
-3964.15
-3965.99
-3960.68
-3964.77
-3965.44
-3960.51
-3962.45
-3958.64
-3959.42
-3956.14
-3964.56
-3969.93
-3959.94
-3959.38
 -3968.4
-3962.91
-3962.01
-3960.03
-3967.54
 -3958.3
-3963.44
-3959.58
-3988.43
-3960.34
 -3962.7
-3961.44
-3966.75
-3967.36
-3963.34
 -3968.5
-3963.67
-3976.34
-3963.15
-3963.15
-3963.15
-3961.03
-3961.03
-3961.03
-3961.03
-3961.03
-3962.52
-3962.18
-3962.18
-3971.53
-3964.91
-3965.24
-3964.81
-3975.09
-3961.28
-3960.88
-3969.02
-3965.29
-3960.57
-3961.72
-3961.72
-3965.66
-3978.19
-3973.22
-3963.62
-3963.83
-3964.78
-3965.61
-3965.61
-3966.81
-3970.33
-3970.33
-3968.72
-3964.04
-3965.51
-3965.51
-3971.59
-3965.33
-3969.49
 -3965.7
-3974.09
-3969.58
-3967.68
-3966.93
-3966.93
-3963.82
-3963.82
-3963.82
-3963.82
-3963.82
-3963.82
-3963.82
-3963.82
-3973.06
-3966.29
-3966.29
-3970.93
-3967.36
-3965.97
-3968.77
-3967.65
-3969.87
-3969.87
-3975.47
-3964.06
-3964.06
-3958.04
-3958.04
-3958.04
-3964.55
-3964.56
-3968.87
-3966.22
-3977.43
-3974.49
-3963.17
-3962.36
-3965.21
-3966.53
-3963.78
-3963.32
-3963.77
-3971.62
-3965.47
-3965.78
-3960.22
-3963.17
-3970.46
-3965.42
-3975.19
-3972.75
-3972.65
-3962.53
-3965.83
-3966.36
-3959.54
-3957.91
-3967.13
-3975.52
-3967.39
-3967.39
-3975.12
-3967.39
-3970.02
-3969.68
-3961.45
-3961.45
-3965.37
-3961.42
-3958.15
-3964.05
-3964.05
-3966.03
-3966.03
-3966.98
-3966.25
-3958.36
-3966.99
-3962.49
-3966.99
-3977.91
-3966.99
-3965.69
-3966.58
-3970.53
-3970.53
-3973.44
-3973.44
-3964.12
-3974.89
-3974.89
-3977.72
-3963.34
-3963.34
-3965.71
-3962.99
 -3958.3
-3961.61
-3962.69
-3962.69
-3966.02
-3966.02
-3966.02
-3965.31
-3964.26
-3963.95
 -3963.9
 -3963.9
-3962.65
-3968.92
-3962.82
-3964.85
-3964.85
   -3968
-3972.19
-3967.17
-3966.68
-3966.68
-3964.17
-3969.63
-3964.31
-3970.24
-3967.14
-3967.14
-3961.92
-3962.94
 -3966.3
 -3966.3
-3967.26
-3966.83
-3968.23
-3968.36
-3969.93
-3963.74
-3968.58
-3964.97
-3968.56
-3964.95
-3966.22
-3976.88
-3976.88
-3977.92
-3967.64
-3974.45
-3974.28
-3965.82
-3961.41
-3961.41
-3961.41
 -3965.2
-3961.67
-3963.26
-3963.03
-3964.18
-3969.05
-3967.57
-3967.57
-3960.22
-3968.36
-3968.47
-3970.36
-3967.26
-3964.56
-3954.87
-3961.18
-3961.18
-3966.51
-3963.69
-3963.44
-3963.77
-3959.69
-3962.96
-3962.96
-3965.81
-3965.16
 -3965.8
-3965.47
-3965.51
-3968.68
-3966.71
-3962.43
-3966.93
-3968.07
-3970.46
-3963.08
 -3962.3
-3959.25
-3959.25
-3973.23
-3965.01
-3967.04
-3963.92
-3963.92
-3963.63
-3959.13
-3960.83
-3962.21
-3958.29
-3958.23
-3958.23
-3958.23
-3957.28
-3963.66
-3958.27
-3959.46
-3955.14
-3961.42
-3960.79
-3961.77
 -3961.6
-3960.24
-3967.33
-3967.19
-3960.12
-3962.76
-3961.29
-3963.86
 -3962.1
-3964.26
-3962.82
-3961.25
-3957.28
-3963.95
-3964.34
-3962.83
-3962.83
-3960.13
-3960.13
-3960.13
-3960.13
-3958.08
 -3962.9
 -3963.9
   -3967
 -3961.3
-3967.87
-3963.82
-3963.02
-3962.08
-3961.01
-3957.06
-3958.95
-3958.67
-3960.24
-3974.47
-3962.06
-3963.89
-3964.65
 -3967.1
-3976.66
 -3972.1
-3969.64
-3971.02
-3971.97
-3959.48
-3960.76
-3961.46
-3970.34
-3958.65
-3959.79
-3960.81
-3962.06
-3962.06
-3967.32
-3959.61
-3964.83
-3974.19
-3962.92
-3958.46
-3963.14
-3968.13
 -3965.1
-3964.52
-3968.08
 -3965.7
-3970.25
 -3966.3
-3969.11
-3969.11
-3976.88
-3960.41
-3960.13
-3960.84
-3954.53
-3954.79
-3962.11
-3958.99
-3978.54
-3970.28
-3961.49
-3962.57
-3962.66
-3961.01
-3961.77
-3954.92
-3960.05
-3955.72
-3956.93
-3961.55
 -3958.6
-3960.89
-3961.79
-3962.92
-3967.29
-3970.16
-3961.76
-3968.13
-3968.13
-3968.89
-3965.48
-3964.79
-3964.79
-3961.03
-3976.67
-3961.63
-3960.06
-3964.96
-3958.85
-3961.44
-3953.66
-3957.02
-3966.48
-3970.47
-3961.87
-3969.52
-3960.27
-3973.66
-3986.84
-3963.34
-3966.07
-3979.66
-3957.92
-3952.87
-3962.99
-3963.56
 -3958.6
-3966.45
-3966.07
-3962.95
-3964.12
-3961.37
-3965.13
 -3952.8
-3960.63
 -3958.2
-3956.08
-3959.67
-3966.91
-3959.53
-3958.28
-3958.28
-3956.19
-3965.48
-3958.57
-3962.43
-3959.34
-3949.02
-3960.61
-3952.58
-3967.31
-3959.46
-3955.48
-3955.48
-3982.57
-3955.37
-3956.02
-3958.74
   -3965
   -3965
   -3965
-3961.89
-3961.89
-3960.32
-3960.32
-3967.41
-3955.28
 -3963.8
-3966.85
-3959.96
 -3960.9
-3990.99
 -3976.8
-3958.96
-3955.69
-3955.69
-3953.95
-3956.37
-3966.28
-3963.89
-3965.13
-3954.62
-3959.21
-3953.73
-3967.54
-3983.45
-3964.58
-3967.36
-3963.72
-3964.48
-3964.48
-3982.12
-3964.48
-3964.48
-3963.86
-3963.86
-3963.86
-3965.85
 -3955.3
 -3955.3
 -3952.8
-3951.67
-3962.87
-3960.12
-3952.57
-3975.18
-3959.94
-3971.61
-3959.94
 -3980.1
-3983.73
-3955.92
-3954.74
-3955.98
-3955.98
-3955.98
-3955.29
-3955.09
-3957.18
-3958.62
 -3953.9
-3950.18
-3948.32
-3949.51
-3952.11
-3963.27
-3956.94
-3957.94
 -3950.8
-3979.19
-3959.37
-3953.52
-3949.96
-3995.18
 -3952.5
-3963.75
-3969.72
-3956.16
-3956.16
-3962.46
-3945.45
-3983.73
-3958.42
 -3971.1
 -3976.6
-3961.61
-3961.61
 -3959.5
-3963.51
-3966.86
-3966.86
-3960.71
-3964.46
-3964.46
-3964.46
-3954.82
-3954.19
-3964.22
-3964.22
-3960.47
-3960.47
 -3961.6
-3949.58
-3949.58
-3953.32
-3952.51
-3952.51
-3952.51
-3952.51
-3952.51
-3952.51
-3952.51
-3950.22
-3950.22
-3964.96
-3976.19
-3952.71
 -3952.1
 -3952.1
-3948.94
-3960.47
-3954.94
-3958.08
-3959.84
-3980.98
-3964.07
-3956.06
-3993.07
-3962.62
-3966.75
-3966.75
-3966.75
-3963.86
-3963.86
-3984.45
-3961.84
-3961.84
-3961.84
-3964.58
-3962.67
 -3957.9
-3959.51
-3962.44
-3976.77
-3966.48
-3966.48
-3966.48
-3963.03
-3963.62
-3995.85
-3963.24
-3957.99
-3957.99
-3958.48
-3966.33
-3951.66
-3952.41
-3954.82
-3958.88
-3978.08
-3969.05
-3963.38
-3969.35
-3973.26
-3979.61
-3958.69
-3967.21
-3956.81
-3962.83
-3970.06
-3953.65
-3961.84
 -3963.1
-3960.12
-3960.12
-3961.21
-3960.33
-3961.56
 -3955.2
-3955.88
-3951.65
-3955.79
-3974.06
-3949.19
-3955.49
-3953.82
-3958.58
-3951.37
-3964.15
-3957.27
-3958.65
-3959.01
-3958.84
-3952.73
 -3954.2
-3961.93
-3954.88
-3956.04
-3957.08
-3964.57
-3958.45
-3952.31
-3958.52
-3955.35
-3962.02
-3963.13
-3972.29
-3962.78
-3952.06
-3957.32
   -3960
-3964.59
-3966.22
-3957.92
-3964.54
-3948.76
-3948.76
-3953.27
 -3980.6
-3952.24
-3963.13
 -3953.5
-3966.18
 -3956.7
-3959.42
-3952.64
-3952.67
-3957.95
-3960.13
-3966.26
-3960.82
-3955.01
 -3953.4
-3948.25
-3951.48
-3952.01
   -3961
 -3954.1
-3952.37
-3952.73
-3953.91
-3957.64
-3958.24
-3962.59
-3973.96
-3966.55
-3956.08
-3967.98
-3953.33
-3954.54
-3954.97
-3957.56
-3989.93
-3970.72
-3953.45
-3952.73
-3950.98
-3960.65
-3994.04
-3956.82
-3958.96
-3950.18
-3958.45
-3958.26
-3965.06
-3947.75
 -3956.9
-3952.85
-3956.67
-3950.49
-3959.56
-3953.86
-3948.39
-3956.59
-3982.68
-3953.41
-3953.41
-3957.64
-3952.09
-3953.94
-3958.05
-3948.15
-3953.85
-3953.23
-3953.23
-3953.23
-3952.44
-3961.25
-3949.61
-3959.61
-3965.66
-3965.79
-3950.07
-3957.77
-3948.45
-3951.62
-3960.88
-3957.82
-3951.94
-3962.75
-3963.37
-3963.37
-3963.37
-3952.92
-3959.62
-3956.84
-3971.16
-3953.06
-3962.65
-3962.65
-3961.64
-3950.03
-3958.45
-3956.34
-3956.73
 -3957.3
-3960.72
-3956.05
-3956.05
-3950.09
   -3949
-3945.51
-3975.34
-3968.32
-3980.34
-3974.65
-3960.55
-3987.93
-3962.54
-3964.61
-3964.29
 -3954.1
-3947.98
-3958.39
-3965.23
-3954.49
-3964.11
-3967.81
-3953.92
-3951.33
-3955.11
-3964.38
-3969.17
-3962.33
-3962.33
-3961.81
-3958.88
-3958.71
-3958.09
-3988.14
-3952.88
-3952.88
-3963.91
-3959.83
-3952.72
-3960.66
-3960.66
 -3959.1
-3975.15
-3953.66
-3954.83
-3955.36
-3948.88
-3956.65
-3957.21
-3986.17
-3955.09
-3962.62
 -3974.4
-3973.78
-3971.36
-3972.22
-3968.65
-3952.93
-3955.65
-3958.84
-3963.31
-3963.67
-3960.87
-3960.87
-3957.12
-3957.12
-3957.12
-3980.08
-3953.78
-3969.71
-3953.78
-3953.78
-3953.78
-3953.18
-3953.18
-3956.22
-3956.22
-3956.22
-3959.21
-3951.99
-3951.99
-3970.62
-3965.01
-3965.01
-3961.84
-3965.63
-3964.77
-3968.74
-3967.15
-3969.52
-3969.52
-3947.27
 -3953.7
-3946.83
-3946.83
-3956.79
-3959.34
-3968.01
-3966.79
-3979.78
-3965.14
-3979.96
-3960.61
-3959.27
-3954.35
-3958.45
-3958.45
-3955.77
-3955.77
-3955.77
-3955.77
-3955.38
-3955.51
-3957.08
-3963.47
-3966.29
-3958.05
-3963.76
-3955.24
-3954.28
-3955.21
-3963.92
-3954.98
-3961.93
-3962.22
 -3963.5
-3961.82
 -3954.9
-3979.74
-3962.25
-3962.19
-3966.12
 -3970.8
-3959.78
 -3960.4
-3964.68
-3968.64
-3969.09
 -3963.3
 -3969.8
 -3962.4
-3963.26
-3965.32
-3959.86
-3965.79
-3957.19
-3964.98
-3959.58
-3987.56
-3964.49
-3974.36
 -3975.2
 -3959.6
-3963.37
-3966.51
-3967.28
-3960.85
-3969.86
-3966.98
-3963.63
-3966.61
-3958.35
-3960.59
-3957.48
 -3956.3
-3962.81
-3966.34
-3966.34
-3956.92
 -3968.3
 -3953.2
-3954.88
-3962.29
-3957.63
-3956.09
-3964.16
-3956.68
-3957.85
-3953.39
-3953.02
-3981.44
-3961.68
-3982.66
-3959.13
-3958.99
-3958.81
-3961.25
 -3954.3
-3970.57
-3974.28
-3963.66
-3955.52
-3955.52
-3958.85
-3962.95
-3958.02
-3953.89
-3953.89
-3958.54
   -3949
 -3956.7
 -3956.8
-3951.87
-3974.27
-3981.89
-3981.89
-3974.99
-3976.34
-3968.41
-3966.58
-3968.18
-3968.18
-3968.18
-3966.63
-3965.71
 -3957.4
 -3957.4
 -3955.7
-3959.26
-3970.71
-3960.45
-3960.45
-3958.08
-3966.98
-3966.98
 -3962.6
-3978.73
 -3962.6
-3963.78
-3963.78
-3969.18
-3969.83
-3969.83
-3969.22
 -3963.8
 -3963.8
-3958.35
-3960.78
-3960.53
-3966.69
-3966.69
-3967.91
-3970.87
-3961.07
-3961.07
-3961.07
-3960.83
-3965.32
-3959.97
-3965.17
-3958.57
-3968.92
-3962.74
-3962.74
-3960.72
-3968.38
-3955.79
   -3968
-3958.07
-3958.87
-3959.48
-3970.01
-3966.47
-3960.92
-3970.53
-3969.21
-3954.98
-3963.62
-3961.67
-3962.59
-3964.69
-3965.32
-3961.71
-3971.55
-3965.03
-3965.62
-3967.61
-3980.61
-3963.72
-3964.43
-3972.93
-3975.78
-3971.17
-3971.08
-3961.06
-3962.88
-3962.88
-3963.87
-3963.87
-3963.87
-3983.93
-3992.41
 -3979.7
-3985.08
-3975.44
-3967.23
-3977.97
-3984.83
-3979.39
-3979.15
-3962.78
   -3976
-3970.14
-3968.54
-3967.84
-3963.15
-3972.96
 -3964.8
-3954.63
-3952.69
-3952.69
-3966.61
-3966.61
-3960.26
-3961.49
-3954.28
   -3959
-3955.62
-3958.52
 -3958.4
-3958.03
   -3959
-3957.53
-3953.63
 -3964.8
-3961.84
-3961.84
-3953.99
-3946.94
-3954.44
-3949.24
-3955.94
-3951.53
-3959.06
   -3957
-3970.57
-3976.89
-3957.23
 -3972.3
-3951.76