-3999.98
-4000.81
-3999.98
-3999.98
-3999.53
-3999.53
 -4001.3
-3998.37
-3989.81
-3969.43
-3979.66
-4001.61
-3972.32
-3986.88
-3997.41
-3988.19
-3985.89
-3991.24
-3965.67
-3995.01
-3971.05
-3970.89
-3974.45
-3974.45
-3977.28
-3973.57
-3973.57
 -3982.5
-3979.84
-3979.84
-3969.69
-3960.51
-3974.21
-3971.74
-3971.74
-3963.32
-3968.81
-3968.81
-3966.97
-3970.35
-3978.24
-3978.87
-3989.19
-3989.19
 -3984.9
 -3984.3
 -3984.3
-3994.96
-3998.13
 -3992.7
-4003.54
 -3990.8
 -3984.1
 -3984.1
 -3984.1
-3986.46
-3981.59
-3981.59
-3963.27
-3966.83
-3973.27
-3973.27
-3972.61
-3968.09
-3975.74
-3975.74
-3968.09
-3965.56
-3964.86
-3964.86
-3972.66
-3973.38
-3975.51
-3982.13
-3982.13
 -3991.8
-3988.72
-3977.41
-3981.67
-3981.67
-3964.05
-3981.86
-3983.18
-3986.31
-3986.31
-3986.31
-3981.62
-3979.55
-3979.55
-3982.07
 -3973.7
-3967.14
-3975.86
-3986.51
-3983.99
-3970.66
   -3991
-3979.01
 -3999.4
   -3989
 -3980.1
-3982.46
-3984.15
-3983.21
-3964.53
-3977.34
 -3982.3
-3990.37
-3987.24
-3973.66
 -3984.9
-3970.78
 -3973.4
-3966.03
-3966.03
-3972.91
-3972.91
-3972.12
-3971.45
-3971.29
-3974.26
-3974.26
-3974.26
-3966.08
-3966.58
-3977.39
-3988.85
-3988.95
-3988.95
-3990.09
-3992.46
-3984.73
-3983.28
-3992.46
-3992.99
-3974.95
-3990.82
-3994.01
-3970.38
-3971.83
-4003.33
-3970.61
 -3976.5
 -3976.5
-3973.93
-3983.74
-3983.08
-3980.05
-3980.95
-3985.75
-3976.19
-3968.94
-3966.81
-3978.83
-3976.81
-3982.16
 -3981.9
-3980.37
-3980.42
-3978.32
-3984.64
-3985.99
-3984.18
 -3986.5
 -3999.9
 -3986.5
 -3986.5
 -3986.5
-3990.34
 -3986.5
 -3986.5
-3971.96
-3963.74
-3984.75
-3993.99
-3985.92
-3985.94
-3987.39
-3980.97
-3980.97
-3980.64
-3963.67
-3989.23
-3991.42
-3989.65
-3967.23
-3974.55
-3974.75
 -3986.6
 -3978.4
 -3978.4
-3984.27
-3974.77
-3964.34
-3980.62
-3980.46
-3974.12
-3963.67
-3986.47
-3977.82
-3974.12
-3976.13
-3976.28
-3980.27
-3980.27
-3972.99
-3976.61
-3978.19
-3978.19
-3978.19
-3978.19
 -3976.1
-3973.88
-3974.37
 -3974.6
-3976.68
-3963.93
-3972.71
-3972.18
-3973.44
-3974.37
-3978.14
-3983.26
-3974.09
-3978.49
-3977.46
-3974.09
-3972.36
-3970.28
-3978.34
-3974.69
-3974.69
-3979.31
-3981.68
-3982.69
-3983.52
-3968.83
-3963.82
-3971.18
-3975.93
-3969.23
-3967.64
-3973.19
-3973.52
-3969.87
-3969.03
-3977.39
 -3966.9
-3968.38
-3987.15
-3985.09
-3985.77
-3988.97
-3973.29
-3972.56
-3985.17
-3983.25
-3963.41
-3964.48
 -3975.3
-3977.97
-3985.47
-3964.57
-3973.82
-3976.21
-3976.21
-3962.88
-3976.55
-3963.23
-3972.99
-3970.46
-3971.43
-3977.84
-3967.82
-3962.94
-3972.26
-3973.32
-3989.55
-3977.34
-3981.53
-3977.34
-3977.34
-3966.38
-3977.34
-3977.34
-3967.39
-3978.45
-3977.34
-3975.12
-3980.29
-3977.55
-3981.39
-3977.55
-3978.79
-3982.57
-3975.52
-3983.42
 -3985.4
 -3985.4
-3979.66
-3966.99
-3965.24
-3966.99
-3977.91
-3966.99
-3977.91
-3977.91
-3977.91
-3975.27
-3975.27
-3976.39
-3971.98
-3975.39
-3972.29
-3972.49
-3987.41
-3986.46
 -3983.1
-3983.76
 -3974.6
-3981.92
-3970.57
-3988.84
-3988.84
-3988.84
-3979.67
-3979.67
-3980.69
 -3970.5
-3977.85
-3977.85
-3977.85
-3977.85
-3973.65
-3978.26
-3978.26
-3976.92
-3985.47
-3985.47
-3994.35
-3984.16
-3978.34
-3972.98
-3980.76
-3980.76
-3964.17
-3966.16
-3966.33
-3971.92
-3977.31
-3982.49
-3988.93
-3980.43
-3973.34
-3966.83
-3973.68
-3978.12
-3974.26
-3976.01
-3978.21
-3978.93
-3978.78
-3979.97
 -3981.4
-3977.92
-3983.18
-3977.92
-3976.19
-3976.93
 -3967.3
-3969.52
-3974.22
-3978.96
-3976.38
-3976.38
-3980.06
-3981.41
-3969.05
 -3968.9
 -3968.7
-3964.72
-3969.14
-3969.14
-3969.14
-3969.14
-3976.44
-3966.81
-3970.64
-3970.64
-3970.64
-3963.69
-3966.51
-3970.91
-3970.91
-3969.65
-3969.03
-3965.81
-3969.03
 -3965.8
-3965.16
 -3976.7
-3974.97
-3983.54
-3977.64
-3968.96
-3968.96
-3968.96
-3967.22
-3970.46
-3974.93
 -3966.7
 -3969.7
-3961.43
-3975.52
-3965.01
-3969.65
-3974.85
-3974.25
-3977.92
-3977.67
-3968.69
-3962.86
-3970.62
-3971.57
 -3967.3
 -3967.3
-3980.26
-3985.17
 -3973.5
-3978.07
-3982.91
-3982.91
-3980.02
-3972.68
-3972.68
-3983.19
-3975.02
-3975.65
-3980.33
-3980.33
-3982.51
-3977.06
-3982.31
-3990.76
-3978.74
-3966.61
-3965.18
-3970.18
-3974.37
-3974.37
-3983.87
-3969.62
 -3973.5
 -3973.5
 -3973.5
 -3973.5
 -3973.5
-3974.03
-3974.03
-3980.02
-3974.03
-3974.03
-3974.03
-3972.65
-3972.65
 -3974.6
 -3974.6
-3974.04
-3966.14
 -3972.5
-3976.43
-3976.79
-3972.85
-3971.45
-3977.03
-3971.02
-3967.94
-3969.65
-3977.56
-3984.62
-3971.76
-3966.78
-3978.11
-3978.24
-3978.14
-3982.03
-3967.13
-3966.42
-3964.24
-3969.96
-3973.14
-3976.27
-3983.12
-3984.75
-3986.72
-3990.76
-3967.25
-3971.06
-3978.07
-3978.07
 -3982.4
-3976.57
-3976.88
-3969.11
-3981.29
-3987.93
-3980.78
 -3983.9
-3980.54
-3980.54
-3980.45
-3963.94
-3978.54
-3991.02
-3983.61
-3990.93
-3990.65
-3980.04
-3981.01
-3991.47
 -3980.2
-3981.19
-3976.78
-3985.88
-3981.77
-3980.84
-3987.74
-3989.07
-3968.41
-3968.88
-3963.99
-3966.18
-3974.08
-3982.58
-3996.09
-3994.17
-3988.91
-3957.63
-4001.41
-3988.79
-3989.08
-3991.45
-4001.45
-3987.09
 -3987.4
-3982.17
-3968.65
-3974.63
-3976.61
-3976.61
-3970.91
-3970.91
-3984.07
-3979.66
-3974.46
-3974.46
-3977.14
-3980.18
-3974.11
-3973.29
-3984.04
-3993.28
-3989.27
-3987.65
-3981.35
-3994.29
-3997.35
-3987.07
-3986.64
-3998.89
-3996.86
-3999.06
-3993.65
-3988.29
-3987.44
-3979.81
-3987.44
-3987.44
-3987.44
-3987.44
-3987.44
-3987.44
-3998.68
-3990.54
-3990.99
-3990.99
-3977.33
-3965.93
-3990.99
-3990.99
-3989.16
-3989.16
-3986.66
-3991.68
-3990.99
-3990.99
-3990.99
-3990.99
-3979.25
-3990.99
-3990.99
-3983.67
-3972.96
-3992.43
-3981.61
-3990.99
-3990.99
-3990.99
-3990.99
-3990.81
-3990.81
-3990.81
-3990.81
-3990.81
-3990.81
-3990.81
-3992.16
-3998.15
 -3962.1
-3991.65
-3994.26
-3983.61
-3992.16
-3992.16
-3964.48
-3992.16
-3991.75
-3992.16
-3992.16
-3992.16
-3996.88
-3995.43
-3995.43
-3984.62
-3992.26
-3979.27
-3973.62
-3970.27
-3952.57
-3977.02
-3959.94
-3982.99
-3959.94
-3955.92
-3980.18
-3981.24
-3988.07
-3970.69
-3978.13
-3988.07
-3988.07
-3986.99
-3986.99
-3986.99
-3981.03
-3986.47
-3976.38
-3976.38
-3995.18
-3995.18
-3982.97
-3995.18
-3952.89
-3950.05
-3951.22
-4007.27
-3954.57
-3991.55
-4014.25
-3995.18
-3991.67
-3995.18
-3992.23
-3983.73
 -3955.4
-3964.08
-3983.73
 -3971.1
-3993.32
-3990.25
-3996.94
-3991.39
-3986.15
-3990.25
 -3980.4
-4001.18
-4012.18
-4012.18
-4011.77
-4011.45
-4004.42
-4004.42
-4004.42
-4004.42
-4004.42
-4004.42
-4004.42
-3985.68
-3985.68
-3985.68
-3985.68
-3985.68
 -3994.6
-3986.97
-3987.46
-3982.24
-3963.05
-3956.91
-3999.89
-3976.19
-3961.96
-3974.14
-3983.79
   -4002
-3991.06
-3991.56
-3985.32
-3965.73
-3969.72
-3969.29
-3988.07
-3999.85
 -4000.8
-3999.85
-3987.74
-4023.47
-3972.54
-3963.86
-3987.14
-3992.07
-3971.83
-4003.89
-3993.01
-3996.56
-4004.35
-4002.66
-3966.48
-3995.85
-3995.85
-3965.84
-3971.22
-3971.22
-3971.22
-3997.65
-3996.66
 -3995.7
 -3995.7
 -3995.7
 -4002.5
-3990.67
-3996.84
-3986.06
-3974.55
-3978.08
-3978.08
-3971.73
-3972.69
-3984.38
-3984.38
-3992.27
-3990.23
-4003.89
-3989.11
   -3985
-3970.16
-3963.76
-3963.76
-3974.06
-3974.06
-3974.06
-3974.06
-3974.06
-3974.06
-3974.06
-3974.06
 -3958.9
-3974.06
-3974.06
-3974.06
-3974.06
-3958.53
-3966.21
-3975.44
-3985.46
-3972.17
-3980.09
-3991.63
-3991.63
   -3975
-3974.68
-3974.68
-3971.91
-3964.13
-3980.29
-3992.36
-3989.59
 -3989.9
-3985.31
-3994.22
-3983.92
-3983.92
-3982.05
-3982.02
-3975.63
-3975.63
-3973.51
-3959.41
-3993.37
-4003.88
 -3980.6
 -3980.6
-3953.27
-3984.74
-3984.74
-3979.86
-3988.22
-3968.94
-3951.41
-3980.54
-3976.75
-3993.29
 -4000.3
 -4012.2
-4010.42
-3994.38
-3994.38
-3994.38
-3994.92
-4002.03
-3997.56
-3997.56
-3997.56
-3986.02
-3985.55
 -3990.8
 -3990.8
 -3990.8
-3966.55
 -3975.6
 -3975.6
-3955.21
-3980.18
-3996.38
-3992.98
-4008.63
-3977.28
-3972.31
 -3979.1
-3992.98
-3986.48
-3986.48
-3973.41
-3985.58
-3978.02
-3978.02
-3973.02
-3989.68
-4005.82
-3987.66
-3994.21
-3990.27
-3991.94
-3991.94
-3993.16
 -3995.7
 -3995.7
-3985.39
-3968.16
-4000.32
-4001.57
-4001.57
-3994.11
-4006.94
-4001.98
-3996.54
-3996.54
-3996.54
-4002.98
-4002.98
-4002.98
-3989.11
-3992.56
-3996.97
-3986.88
-3988.46
-3991.37
-3991.37
-3988.59
-3987.11
-3974.67
-3957.56
-3969.58
-3957.05
-3979.09
-3973.19
-3984.03
-3988.71
-3978.72
-3978.72
-3991.37
-3991.31
 -4006.7
-3991.37
-3991.37
-3991.37
-3990.67
-3989.74
-3989.74
-3989.74
-3989.74
-3973.94
-3986.64
-3990.92
-3977.93
-3976.91
-3958.83
-3978.23
-3974.65
 -3977.2
-3989.34
-3960.55
-3987.93
 -3986.5
-3989.43
   -3971
 -3954.1
-3952.76
-3976.96
-3988.78
-3988.78
-3988.78
-4002.29
-3997.95
-3996.22
-4001.02
-3991.29
 -3980.1
-3988.22
-3997.27
-3989.84
-3989.84
-3974.18
-3954.17
-3955.84
-3958.59
-3952.88
 -3976.9
-3995.11
 -3983.3
-3987.71
-3987.71
-3993.16
-3990.69
-3966.81
-3969.87
-3992.59
-3993.95
-3980.25
-3957.48
-3986.92
 -3966.5
-3971.28
-3973.58
-3970.98
-3970.98
-3964.98
-3978.42
-3978.42
-3991.09
-3978.15
-3982.12
-3978.79
 -3980.9
-3978.24
-3975.13
-3978.53
-3953.78
-3972.05
-3953.78
-3969.71
-3980.08
-3966.51
-3971.11
 -3979.5
-3979.22
 -3982.5
-3971.39
-3975.09
-3970.62
-3970.62
-3964.88
-3977.77
   -3979
-3974.68
 -3980.8
-3980.21
-3982.21
-3975.41
-3969.29
-3974.26
-3986.14
-3993.55
-3988.86
-3990.19
-3976.96
 -3970.9
-3978.29
-3987.52
-3968.14
-3983.81
-3965.14
-3981.68
-3981.68
-3981.62
-3967.01
-3981.33
 -3975.9
-3982.27
-3990.47
-3979.46
-3984.19
 -3993.5
 -3993.5
-3989.86
-3984.62
-3989.62
-3989.62
-3994.39
-3992.36
-3986.75
-3966.43
-3977.06
-3977.06
-3995.44
-3995.44
-4002.29
-3989.29
-3961.47
-3979.14
-3979.14
-3969.33
-3983.67
-3976.52
-3960.16
-3972.99
 -3967.5
-3963.67
-3969.88
-3970.89
 -3988.1
-3988.35
-3978.69
-3983.68
-3982.92
-3982.63
-3977.02
-3972.59
-3977.16
-3987.56
-3987.78
-3975.41
 -3975.2
-3985.89
-3980.51
-3991.76
-3996.51
 -3995.8
-3995.94
-3999.57
-3998.73
-3994.23
-3984.87
-3981.29
-3998.54
-3989.01
-3989.08
-3973.37
-3979.67
-3983.53
-3989.52
-3989.52
-3989.52
-3971.32
-3977.61
-3986.86
-3987.87
-3983.02
 -3989.8
-3993.15
-3958.68
 -3992.4
-3967.68
-3983.32
-3983.32
-3986.13
-3987.33
-3978.11
-3978.11
-3977.43
 -3985.3
 -3985.3
-3988.89
-3996.75
-3989.78
-3985.14
-3984.82
-3984.82
-3980.65
 -3979.2
-3979.84
-3977.41
-3987.42
 -3983.6
-3993.23
-3992.28
-3972.27
-3988.07
-3984.32
-3968.41
-3983.46
-3983.46
-3991.25
-3994.06
-3997.57
-3993.58
-3993.58
-3977.71
-3976.26
-3985.97
-3983.65
-3985.97
-3985.97
-3979.58
 -3982.9
-3986.84
 -3962.6
 -3977.3
-3991.71
-3976.16
 -3994.8
-3997.34
-3999.32
-4001.27
-4000.82
-3993.47
-3995.72
-3988.42
-3982.87
-3975.99
-3986.91
-3985.98
-3972.35
-3972.35
-3972.35
-3979.69
-3979.69
-3979.69
-3979.69
-3979.69
-3979.69
-3987.96
-3987.96
 -3974.8
-3969.78
-3958.64
 -3967.7
 -3967.7
-3964.59
 -3983.7
-3988.71
 -3974.8
-3977.02
-3982.19
 -3965.8
 -3999.3
-3984.25
-3978.89
-3983.69
-3983.69
-3983.69
-3983.36
-3972.45
-3967.88
-3974.51
-3990.68
-3973.22
-3965.33
-3976.29
-3978.33
-3983.48
-3972.39
-3972.39
-3972.39
-3972.39
-3992.58
-3985.76
-3982.12
-3982.12
-3985.53
-3961.98
-3975.38
-3986.56
 -3979.7
-3991.12
-3989.81
-3986.92
-3978.39
-3985.47
-3979.39
-3973.58
-3985.82
-3980.25
-3980.25
-3979.77
-3977.84
-3967.52
-3972.21
-3975.91
-3980.02
-3980.02
-3980.02
-3984.41
-3993.38
-3982.52
-3991.12
 -3988.4
-3994.77
-3970.23
-3977.49
-3982.73
-3986.82
-3990.74
-3992.69
-3979.15
-3982.88
-3982.88
-3975.05
-3973.52
-3982.14
-3988.94
-3988.94
-3983.74
-3982.24
-3976.63
   -3957
-3971.92
-3972.27
 -3960.9
-3973.56