     1.2026     2.66788     4.13316     5.59844     7.06373     8.52901     9.99429     11.4596     12.9249     14.3901     15.8554
  -0.830028    0.443323     2.14935     3.53293     5.32614     8.10726     13.0184     19.2187     18.4763     20.7561      21.582
   -1.77224   -0.401173      1.1132     2.76097      4.4305     7.14263      12.323     21.8031     21.5833     23.8252     24.8698
   -2.56488   -0.996168    0.306842     2.00516     3.72424     6.39223     11.6212     23.3114     23.9866      26.078     27.4406
   -3.06798    -1.63513   -0.344269     1.35133     3.12248     5.77725     10.9646     24.4972     26.0449     28.2215     29.6083
   -1.98358    -2.20532   -0.942946    0.952403     2.58932     5.24496     10.4422     25.2578     27.9381     29.9971     31.5958
   -1.35577    -2.54808     -1.2362    0.600846     2.00083     4.74942     9.95434      25.978     29.3765     31.2103     33.4172
   -1.83297    -2.07268     -1.3399    0.120789     1.55296     4.29089     9.49199     26.3645     30.8874     32.5929     34.8953
   -2.14978    -2.43067    -1.66402     -0.3599     1.14132     3.83926      9.1174     26.5539     32.4594     33.7935     36.3937
   -2.53584    -2.22573    -2.07744   -0.786515    0.751627     3.42675     8.68122     26.5396      33.934     35.2915     37.9067
   -2.46622    -2.65191    -2.59067    -1.19033    0.369477     3.00096     8.31064     26.3942     35.1014     36.4098     39.2092
   -1.83891    -3.06007    -3.02309    -1.57352   0.0021409     2.65896     7.92414     26.0207     36.2992     37.6306      40.314
   -1.60098    -3.38713    -3.37148    -1.87249   -0.340223     2.24971     7.59469     25.6241     37.6716     38.6968     41.6281
   -1.58414    -3.07249    -3.70185    -2.08691   -0.717088     2.19956      7.2212     25.2124     38.8958     39.8352     42.6257
   -1.82757    -2.59401    -3.59842    -2.14874    -1.09062     2.00915     6.88145     24.8726     40.2007     40.9683      43.633
   -2.10323    -2.49542    -2.78396    -2.45791    -1.37606     1.70605     6.54244     24.5512     41.3775      41.766      44.595
    -2.3856    -2.47175    -2.44657    -2.74505    -1.75569     1.40455     6.21196     24.2812      42.374     42.9237     45.7198
   -2.35232    -2.75976    -2.13128    -3.10698    -2.02817     1.20616     5.90318     23.9725     43.3113      44.008     46.6069
   -2.41802    -3.04253    -1.75544    -3.40974    -2.18718    0.911526     5.62155     23.6505     44.1265     45.0794     47.5433
   -2.26183    -2.91201    -1.77892    -3.66808    -1.82452    0.633355     5.33527     23.3747     45.1402     46.0428     48.4367
   -2.35949    -2.38137    -1.62806    -3.92363    -1.41698    0.343331        5.02     23.1099     46.1151     46.9268     49.2598
   -2.52288    -2.18785    -1.45998    -4.15575    -1.13888   0.0424069     4.78803      22.856     47.1663     47.8162     50.1955
   -2.66258    -1.87874    -1.29501    -3.41762    -1.41738   -0.214544     4.57219     22.5991     48.1258     48.6106     50.8906
   -2.86709    -1.90291    -1.31732    -2.81142    -1.67254   -0.370582     4.37377     22.3441     48.9292     49.3911     51.8079
   -3.12454    -1.91904    -1.30356    -2.38718    -1.95057   -0.553046     4.15751     22.0753     49.7946     50.1302     52.6277
    -3.1795    -1.86289     -1.3173    -1.98868    -1.93915   -0.682583     3.93423     21.8556     50.6091     50.8655     53.5324
   -2.90745    -1.77352    -1.22404    -1.74599    -1.76014   -0.927164     3.66981     21.6431     51.4047     51.6107     54.2326
   -2.92186    -1.98246    -1.18576    -1.53405     -1.6214    -1.10691     3.40893       21.41     52.2994     52.3811     54.9521
   -3.10074    -1.93585    -1.37286    -1.56105    -1.45735    -1.34509     3.19901     21.1501     53.1571     53.1296     55.6664
   -3.30961    -1.96387    -1.47066    -1.46238    -1.43141    -1.58406     2.98019     20.9395     53.9002     53.7789     56.5046
   -3.04553    -2.17665    -1.67138    -1.41959    -1.47348    -1.59498     2.75512     20.6963     54.5845     54.4699     57.2335
   -2.80817    -2.36295    -1.80724    -1.40277    -1.41132     -1.7254      2.5515     20.4728     55.2963     55.1233     57.9374
   -2.64269    -2.22099    -1.80296    -1.38608    -1.61471    -1.93244     2.30849     20.2297     55.9579     55.7665     58.6105
   -2.69441     -2.1411    -1.70126    -1.38516    -1.83665    -2.02103     2.09973     20.0269     56.6282     56.4623       59.26
   -2.67898    -2.31805    -1.57557    -1.30703     -2.0272    -1.72794     1.89453     19.8198     57.2074     57.2203      59.974
   -2.73563    -2.21794     -1.5477    -1.08275    -1.80192    -1.89333     1.67577     19.5843     57.7231      57.833     60.6384
   -2.79048    -2.02448    -1.37053    -1.04782    -1.66911    -2.09846     1.47899     19.3821     58.4034     58.4062     61.3278
   -2.94838    -1.99332    -1.32315    -1.04671    -1.38993    -1.77842     1.29422     19.1901     58.9902     59.0172     61.9879
   -2.78556    -2.03365    -1.34462     -1.0331    -1.24575    -1.73105     1.09989     19.0048     59.5963      59.664     62.5819
   -2.82395    -2.11015    -1.36073    -1.05644    -1.03328    -1.80733    0.912279     18.8137     60.2215     60.2845     63.2446
   -2.79458    -2.25993     -1.4379   -0.888798   -0.929055    -1.45632     0.72563     18.6424     60.8665     61.0135     63.7979
   -2.65456    -2.31984    -1.45541   -0.858529   -0.759678    -1.17585    0.551782     18.4432      61.507     61.5939      64.394
   -2.71506     -2.2663    -1.34896   -0.824608   -0.629989   -0.891804    0.368771     18.2387     62.0727     62.2744     64.9576
   -2.71157    -2.23815    -1.28024   -0.857754   -0.502829   -0.593323    0.172073     18.0731     62.7214       62.79     65.5284
   -2.55159    -2.15613    -1.06535    -0.70514   -0.264575   -0.233812  0.00554778     17.8954     63.2863     63.3662     66.1075
   -2.40571    -1.88771   -0.962428   -0.462192   -0.114945    0.129827   -0.169298     17.6983     63.8007     63.9488     66.5987
   -2.15696    -1.81071   -0.851015   -0.296777   0.0942961    0.407646    -0.35257     17.5307     64.3583     64.4718      67.059
   -2.03012    -1.71819    -0.70968    -0.12198    0.298991    0.678676   -0.527021     17.3456     64.9137     65.0579     67.5961
     -2.038    -1.62798   -0.586214    0.171347    0.572492    0.953357    -0.66087     17.1843     65.4752     65.6254      68.142
   -1.83275    -1.62941   -0.537555     0.31064    0.832932     1.22099   -0.829158     17.0209     66.0299     66.1605      68.642
    -1.9443    -1.34155   -0.462191    0.381209    0.961379     1.36987   -0.958375     16.8281     66.4412     66.7475     69.1098
   -2.00192    -1.25083   -0.383383    0.551463     1.07651     1.35529    -1.04636       16.67     66.9225     67.2893     69.7504
   -1.97593    -1.25718   -0.340348    0.684033     1.28583     1.53362    -1.07987     16.5165      67.442     67.7823     70.3108
    -1.8894    -1.34795   -0.271701    0.794336     1.42581     1.77462     -0.9882      16.392     67.9974     68.2646     70.8469
   -1.90606    -1.32962   -0.206278    0.822548     1.61798       2.002   -0.889026     16.2479     68.5046     68.7737     71.3178
   -1.99765    -1.34792   -0.160154    0.832283      1.7501     2.07797    -0.68743     16.0857     68.9189     69.2725     71.8151
    -2.0479     -1.3197   -0.129295    0.887257      1.7529     2.15597   -0.380253     15.9017     69.5649     69.7119     72.2523
   -2.22293    -1.31325   -0.134793    0.944236     1.84075     2.33168   0.0760632      15.732     69.9813     70.1331     72.7306
    -2.3762    -1.19093  -0.0897768    0.930724     1.78032     2.53738     0.50413     15.5748     70.4787     70.6608     73.1525
    -2.4713    -1.24336   -0.160262    0.884595      1.9424     2.74416    0.924557     15.4529     70.9422     71.1215     73.6336
   -2.32096    -1.33628   -0.213898    0.940813     1.97453       2.737     1.42375     15.3228     71.3605     71.5776       74.13
   -2.27949    -1.25139   -0.138344    0.962399     2.20436     2.61764     1.80633     15.1798      71.853     72.0678     74.6303
   -2.31075    -1.21249   -0.154451    0.967635     2.19478      2.6269     2.05255      15.055     72.2884     72.5064     75.0309
   -2.41197    -1.23966   -0.163578    0.951317     2.32965     2.79489     2.34155     14.9248     72.6858     72.9748     75.4304
   -2.42918    -1.21745   -0.084756    0.978132      2.3347     3.03164     2.71744       14.76     73.0929      73.422     75.9117
   -2.40809    -1.23507  -0.0745067    0.942598     2.47074     3.08545     2.94276     14.6145     73.5549     73.8943       76.43
   -2.17854    -1.28457   -0.114106     1.00227     2.48211     3.19627     3.11623     14.4805     73.9912     74.3495     76.8911
   -2.18029    -1.25073   -0.115572     1.05938     2.55059     3.21139     3.37384      14.355     74.3625     74.8005     77.3204
   -2.02614    -1.24004   -0.138735     1.11727     2.65075     3.23302     3.50473     14.2245     74.7682     75.2034     77.7725
   -2.00393    -1.23951   -0.192748     1.16081     2.73613     3.32552       3.696     14.0903     75.1915     75.6351     78.2635
   -2.00343     -1.2012   -0.196101     1.18646     2.76036     3.40284     3.93307     13.9425     75.6035     76.0355     78.7066
   -2.11416    -1.20089   -0.235121     1.11614     2.80906     3.45855     4.10974     13.8127     75.9793     76.4878     79.0761
   -2.21386    -1.15652   -0.237059     1.02758     2.80113     3.46704     4.21742     13.6791      76.363     76.9683     79.4848
   -2.31871     -1.1021   -0.157846     1.03794     2.77324     3.44341      4.2715     13.5712     76.7321     77.3795      79.838
   -2.33999    -1.08412   -0.138231     1.03905     2.77075     3.39756     4.33456     13.4228     77.1059      77.842     80.2597
   -2.31514    -1.03249    -0.11879     1.04892     2.70848      3.3467     4.41478     13.2825     77.4744     78.3015     80.5837
   -2.28224    -1.04209    -0.11061     1.01856     2.65806     3.30164     4.54349     13.1351     77.8127     78.6854     81.0013
   -2.25965    -1.05538   -0.122845     1.02784     2.62943     3.46429     4.45958     13.0198     78.1974     79.0895     81.4562
   -2.20503    -1.07333  -0.0923388    0.981334     2.59616     3.46081     4.48022     12.9006      78.601     79.5397     81.8516
   -2.14379    -1.01665  -0.0709168    0.987508     2.64738     3.60508     4.49205     12.7731     78.9001      79.957     82.2859
   -2.23097    -1.00771  -0.0554156     1.04028     2.65854     3.70815      4.5214     12.6487     79.2335     80.3567     82.7374
   -2.29776   -0.991172  -0.0529593     1.09385     2.64636     3.64692     4.64833     12.5296     79.5516      80.743     83.1203
   -2.35387    -1.03288  -0.0759327     1.07676      2.6846     3.75268     4.62147     12.4212     79.9164     81.2036     83.4841
   -2.28121    -1.06601  -0.0765608     1.08861     2.71833     3.70809     4.65869     12.2881     80.2562     81.5922     83.8752
   -2.23056     -1.1229  -0.0930764     1.06453     2.72155     3.57927     4.83265     12.1579     80.6178     82.0219     84.2752
   -2.21684    -1.13387  -0.0159784     1.13123     2.67186     3.51946     4.93003     12.0362     80.9989     82.4276     84.6467
   -2.25846    -1.17915  -0.0256709     1.14953     2.63693     3.40636     4.89107     11.9076     81.3758     82.8273     85.0634
   -2.20659    -1.15434   0.0183788     1.15665     2.61683     3.39572     4.79792     11.7796     81.6281     83.2425     85.4398
   -2.16794    -1.15832   0.0681906      1.1237     2.59095     3.38296     4.76387     11.6567      81.916     83.6238      85.824
   -2.24873    -1.12902   0.0789999     1.07713     2.61339     3.45191     4.72628     11.5204     82.1468     84.0417     86.2199
   -2.25647    -1.11215    0.122035     1.09505     2.64007     3.47007      4.6509     11.3945     82.3596     84.4539     86.6451
   -2.26777    -1.17621    0.118401      1.1586     2.68012     3.56605     4.63508     11.2862     82.6596     84.8777     86.9686
   -2.21793    -1.25257      0.1075     1.13739     2.72062     3.48611     4.57815      11.168     82.9611     85.2371     87.3479
   -2.19317    -1.25113     0.11759     1.18689     2.78493     3.42196     4.56059      11.044     83.3194     85.5843     87.7528
   -2.21874    -1.25834   0.0808488     1.11004      2.8156      3.5142     4.69617     10.9438     83.5896     85.9603     88.1549
   -2.19307    -1.24956   0.0752043     1.08898     2.80153     3.55204     4.65395     10.8326     83.8907     86.3242     88.5312
   -2.10927    -1.29443   0.0619298     1.10628     2.82775     3.60299     4.59115     10.7199      84.168     86.6997     88.9298
   -2.15738     -1.3204   0.0231804     1.08202     2.80863     3.69227     4.64618     10.6099     84.3916     87.0295      89.313
    -2.2186    -1.34888 -0.00986763     1.05377      2.7823     3.62672     4.70275      10.481     84.6409     87.4282     89.6475
   -2.25464    -1.39955  -0.0512942     1.03132     2.76382      3.6551     4.71962     10.3669     84.8664     87.8051          90
   -2.32329    -1.40211   -0.110178    0.989123     2.81283     3.61355       4.711     10.2513     85.0074     88.2167      90.371
    -2.3574    -1.38754   -0.151761    0.996351     2.77117     3.58103     4.70096     10.1413      85.133     88.6265     90.7068
   -2.34713    -1.39454   -0.193423    0.959367      2.6905      3.5231     4.77865     10.0257     85.2567     89.0213     91.0177
   -2.36405    -1.45995   -0.274338     0.90059     2.66069     3.61309     4.73293     9.92457     85.4095     89.3358     91.3464
   -2.46536    -1.52824   -0.304756    0.853809     2.61711     3.68865     4.79434     9.80395     85.4679     89.6099     91.7373
   -2.47379    -1.57081   -0.383887    0.894693     2.56202     3.74177     4.78336      9.6987     85.5643     89.9739     92.1002
   -2.40725    -1.61249   -0.430613    0.825904     2.54979     3.71154     4.82196     9.57015     85.6887     90.3493     92.4324
   -2.36416    -1.59614   -0.421902    0.863846     2.55066     3.76489     4.79504     9.46184     85.7555      90.707     92.7894
   -2.21212    -1.48116   -0.338114    0.833556     2.52438     3.74062      4.7366     9.37262     85.7439     91.0633     93.1541
   -2.00097     -1.3921   -0.338625    0.829273     2.47871     3.70792     4.71071     9.26916     85.7754     91.4051     93.5208
   -1.83938    -1.26246   -0.339545    0.788387     2.51778      3.6503     4.76198     9.17297      85.761     91.7995     93.8814
   -1.70323    -1.20085   -0.306978    0.770822      2.5069     3.62907     4.71019     9.08878     85.7866     92.0941      94.144
   -1.72326    -1.16287   -0.210855    0.935377     2.68709     3.52735     4.71295     8.97985     85.7758     92.4349     94.4412
    -1.6449    -1.00682  -0.0778143     1.08519      2.7389     3.43282     4.65761     8.87909     85.7418     92.8055     94.7227
   -1.57944   -0.895006  -0.0280676     1.11351     2.74116     3.46625     4.64327     8.76823     85.6947     93.2653     95.0488
   -1.44551   -0.802778   0.0413483      1.0861     2.68689     3.48941     4.58503     8.65403     85.6505     93.6361     95.3561
   -1.42687   -0.730815   0.0902083     1.15302     2.69764     3.45749     4.55461     8.55069     85.5904     93.9806     95.7681
   -1.36027    -0.65215    0.164373     1.15628     2.62436      3.4763     4.47139     8.44962     85.5597     94.2743     96.0768
   -1.28108   -0.636454    0.152158     1.16349     2.66273     3.52438     4.57373     8.34232     85.4754     94.5886     96.3902
   -1.15887   -0.649685    0.190277     1.24317     2.67006     3.53017     4.62044     8.24479     85.3937     94.9109     96.7137
   -1.01155   -0.472664    0.321184     1.35081     2.64859     3.57769     4.59045     8.13368     85.3424     95.2869     97.0146
  -0.930329   -0.384873    0.369678     1.34959     2.61049     3.58021      4.5613     8.03881      85.253     95.6096     97.3967
  -0.941875    -0.33853    0.492231     1.47833     2.56092     3.58838     4.62547     7.93598      85.163      95.922     97.7203
  -0.937988   -0.326822    0.625662     1.50607     2.53322     3.65475     4.60666     7.83351     85.0883     96.2907     98.0367
  -0.974996   -0.295014    0.665416     1.60821     2.53733      3.7124     4.66902     7.74338     84.9895     96.6188     98.3838
   -0.95873   -0.277459    0.767282     1.64246     2.59562     3.68536     4.74602      7.6719     84.9079     96.9668      98.736
   -1.03917   -0.143655    0.921408     1.70884      2.5975     3.67589     4.80275     7.57423     84.8075     97.2626     99.0776
  -0.999562   -0.140901    0.968937     1.80438     2.63241     3.66718     4.78431     7.47874     84.7159     97.5572     99.4381
   -1.05591 -0.00773215     1.05216     1.86438     2.62559      3.6324     4.84055     7.37544     84.6046     97.8954     99.7772
   -1.00711     0.02295     1.13378     2.04637     2.72773     3.64559     4.87099     7.29149     84.4997     98.2588     100.169
   -1.03734   0.0535785     1.18109     2.17689     2.71402     3.66749     4.91781     7.17998     84.3937     98.5708     100.477
   -0.95737   0.0987317      1.2124     2.25954     2.90681     3.61427     4.98103     7.07696     84.2927     98.9258     100.782
   -1.03983    0.109887     1.18147     2.30001     3.07928      3.6211     4.99772     6.98142     84.1821     99.2123     101.087
    -1.1073   0.0767853     1.26741     2.38065     3.13822      3.7328      4.9932      6.9022      84.094     99.4919      101.41
   -1.19896    0.233396     1.32984     2.36666     3.14602     3.75524     5.03724     6.82682     83.9725     99.7998     101.745
   -1.29279    0.266411     1.37217     2.38276     3.21718     3.74583     5.08972     6.72335     83.8683     100.118         102
     -1.383    0.267126     1.42487     2.40314     3.22896     3.83625     5.15613     6.63874     83.7687     100.473     102.338
   -1.46399    0.190584     1.45678     2.35038     3.22401     3.83998     5.22956     6.55437     83.6782     100.807     102.649
   -1.52791    0.194699     1.49088     2.43092      3.3447      3.8008     5.31673     6.45182     83.5844     101.088     102.967
   -1.51265    0.202018     1.48627     2.54014     3.43432     3.81181     5.33193     6.36888     83.4911     101.417     103.278
   -1.50024    0.202965     1.54765     2.66829     3.48148     3.88428     5.32944     6.28541     83.4111     101.725     103.629
   -1.48963    0.219979     1.57948     2.64304     3.55363     3.88371     5.28582     6.20583     83.3191     102.048      103.98
   -1.43723    0.179205     1.56297     2.70425     3.56293     3.89499     5.34807     6.09438     83.2317      102.34     104.319
   -1.35631    0.186962     1.64348     2.72504     3.64398     3.88781     5.32519     6.01567     83.1438     102.605     104.657
   -1.27782     0.16396     1.76694     2.88378     3.67176     3.97117     5.35999     5.91977     83.0518     102.881     104.979
   -1.27568    0.181057      1.8355      2.9424      3.7114     3.98709     5.32826      5.8326     82.9525     103.172     105.261
   -1.24262    0.156519     1.82959     3.06144     3.86539     4.01188     5.33392     5.77775      82.838     103.404     105.596
   -1.15996    0.104267     1.80033     3.03136     3.82083     4.10481     5.31389     5.79282     82.7478     103.733     105.868
   -1.17833     0.15347     1.76075     3.10334     3.74488     4.24841     5.31339     5.93194     82.6604      104.05     106.203
   -1.05917     0.14294      1.7138     3.09794     3.72786     4.36448     5.32129     6.04355     82.5784     104.357     106.517
  -0.943159    0.100973     1.70647     3.07822     3.90156     4.35612     5.34667     6.11699     82.4857     104.663     106.817
   -0.90631    0.168355     1.77103     3.01066     3.85433     4.52471     5.38933     6.16616     82.3816     104.977     107.064
  -0.955753    0.215742     1.74816      2.9687     3.80887     4.59578     5.44607     6.21035     82.2987     105.289     107.329
  -0.946631    0.236563      1.7599     3.09431     3.88364     4.53418     5.47962     6.29387     82.2144     105.568     107.623
  -0.923134    0.198817     1.72733     3.12834     3.99286     4.48878     5.56752      6.3607     82.1145      105.87       107.9
  -0.834292    0.238491     1.73422     3.15436     3.97675     4.53524     5.55138     6.42941     82.0357     106.169     108.179
  -0.850258    0.235719     1.76302     3.14169      4.0054     4.50688     5.55964     6.44198     81.9439     106.477     108.448
   -0.89794     0.24816     1.74685     3.11719     4.11627     4.48407     5.60802     6.50772     81.8524     106.788     108.753
  -0.934235    0.238579     1.85206     3.11123     4.13593     4.50289      5.6327     6.55721     81.7652     107.105     109.049
  -0.868858    0.210515     1.89916     3.10372     4.10031     4.56635     5.66782     6.61182     81.6783     107.355     109.368
   -0.86763    0.229389     1.91083     3.02595     4.12275      4.6276     5.64211     6.66502     81.5794     107.655     109.701
  -0.919305    0.280212     1.96123     2.98859     4.13479     4.67645     5.73041      6.6194     81.4898     107.994     110.003
  -0.871152    0.218817     1.90708     3.15939     4.08756     4.76941     5.85555     6.54403     81.4123     108.297     110.266
  -0.873171    0.263865     1.86317     3.29826     4.00295     4.81123     5.82832     6.63957     81.3191     108.578     110.572
  -0.910212    0.240691     1.86538     3.36554     3.92054      4.7916     5.83553     6.65767     81.2271     108.922     110.828
   -0.96284    0.257798     1.90329     3.46625     3.87684      4.7816     5.83326     6.70727     81.1449     109.207     111.098
   -1.03338    0.267547     1.92748     3.42887     3.79565     4.78899     5.90505     6.73095     81.0677     109.515     111.332
   -1.09478    0.239489     1.92804     3.46418     3.78119     4.76494     5.86643     6.81547     80.9811      109.83     111.645
   -1.04255    0.159977     1.92878     3.49107     3.89573     4.75356     5.81096     6.78604     80.8875     110.095     111.938
   -1.06236    0.198629     1.86403     3.55619     3.94008     4.86623     5.72207     6.82006     80.7855     110.351     112.257
   -1.04049    0.133672     1.81381     3.55584     3.94519      4.9099      5.7699     6.78374     80.6947      110.64     112.554
   -1.03332   0.0432011     1.75641     3.51189     4.04913     4.92108      5.7664     6.81732     80.6046     110.905     112.857
   -1.10932   0.0925997     1.73464     3.42897     4.05953     5.06619      5.7322     6.82932      80.523     111.201     113.158
   -1.14054   0.0880604     1.77291     3.55011     4.09567     5.09185     5.69194      6.9354     80.4535      111.48     113.444
   -1.22481    0.203158     1.70726     3.47187       4.169     5.12395     5.74838     6.97087     80.3652     111.766     113.738
   -1.29474    0.236064     1.72821     3.38205     4.21217     5.18345     5.72468     7.07759     80.2749     112.029     113.992
   -1.38763    0.163293     1.78397     3.31549     4.22479     5.19004     5.71784     7.14016     80.1816     112.291     114.233
   -1.48065   0.0937608     1.76488     3.26267     4.37803      5.1277     5.71434     7.16747        80.1     112.575     114.521
   -1.56457   0.0219856     1.70758     3.22897     4.43909     5.11263     5.72423      7.1468     80.0056     112.848     114.776
   -1.63907  -0.0708987     1.74223     3.13727      4.4137     5.14896     5.73204     7.17798     79.9285     113.116     115.017
   -1.73222   -0.158922     1.75718     3.12234      4.3859     5.13739     5.79406     7.16774     79.8503     113.414     115.303
   -1.78924   -0.235162     1.79629     3.13129     4.29339     5.14943     5.81022     7.21099      79.768     113.686     115.584
   -1.84418   -0.269946     1.77363      3.2195     4.21522     5.13737     5.82809     7.26771     79.6985     114.008     115.888
   -1.89143   -0.305957     1.71695     3.26665     4.16507     5.13075     5.85222     7.30448     79.6122     114.263     116.185
   -1.85636   -0.291016     1.68999      3.2994     4.12125     5.15306     5.83319     7.32273     79.5113     114.541     116.489
   -1.67109    -0.36994     1.67135     3.36484     4.10135     5.11863     5.87592     7.38777     79.4234     114.832     116.757
   -1.57899   -0.444227     1.62318     3.30312      4.2347     5.06817     5.87621      7.4619     79.3423     115.091     117.024
   -1.59742   -0.496508     1.58781     3.30763     4.22711     5.07105     5.88694     7.53793     79.2615     115.324     117.314
   -1.56625   -0.554895     1.70986     3.22101     4.29082     5.13781     5.88105     7.50393     79.1853     115.633     117.565
   -1.44276   -0.625124     1.64012     3.19038     4.28021     5.08719     5.92988      7.5264     79.1051     115.885      117.82
   -1.47171   -0.691789     1.55884     3.12284     4.21952     5.05361     6.02649     7.55478     79.0285     116.206      118.12
   -1.51396    -0.76816     1.47436     3.03281     4.19679     4.99135     6.11912     7.55803     78.9422     116.439     118.355
   -1.57215   -0.829598     1.49449     2.94908      4.2684     4.91083     6.11352     7.66505     78.8639     116.717     118.607
   -1.45314     -0.8689     1.42414     2.87218     4.28972     4.87333     6.06593     7.71623     78.7824     116.989     118.872
   -1.35807   -0.860034      1.3514     2.87474     4.21461     4.85622     6.03868     7.70255      78.684     117.223     119.148
   -1.24856   -0.745752     1.27543     2.81259     4.20162     4.96967     5.97333     7.70034     78.6036     117.445     119.455
   -1.13728   -0.590464     1.19888     2.82204     4.12498     5.02424     5.96701     7.67995     78.5123     117.678     119.712
   -1.07292   -0.500454     1.11953     2.94759     4.05962     4.96443     6.02768     7.60479     78.4531     117.945     119.967
   -1.01814   -0.392926     1.03587     3.09455     4.06361     4.94091     6.09307     7.53215      78.362      118.18     120.206
   -1.03162   -0.376377    0.957669     3.20279     3.98431     4.94871     6.07202     7.49456     78.2837     118.492     120.525
  -0.960158    -0.38183     0.87295     3.18528     3.94633     4.92642     6.05769     7.42935     78.2307      118.75     120.812
  -0.928195   -0.317505     0.79356     3.11165     3.94689     4.85593     6.04623     7.38772     78.1612     118.974     121.055
  -0.928222   -0.266896    0.724591     3.17845     3.91972     4.79205      6.0212     7.36453     78.0733     119.197     121.306
  -0.914389   -0.209908    0.645787     3.10907     3.90431     4.78623     5.96621     7.31271     78.0045     119.444     121.564
  -0.880883   -0.142022    0.572112     3.08862     3.86834     4.72151     6.00703     7.24641     77.9224     119.701     121.831
  -0.847194  -0.0853522    0.506315     3.02317     3.79636     4.71719       5.942     7.19735     77.8452     119.988     122.077
  -0.792896   -0.126545    0.550965     2.92898      3.7912     4.70339     5.92838     7.19136     77.7584     120.229     122.296
  -0.828277  -0.0214771    0.703747     2.84455     3.72651      4.6661     5.88223     7.16304     77.6868     120.438     122.582
  -0.821996   0.0128939    0.826395     2.77128     3.65866     4.66152      5.8209     7.10016     77.5952     120.659      122.86
  -0.764973    0.073523    0.967064     2.69423     3.74079     4.63753     5.75907     7.04361     77.5198     120.943      123.12
  -0.699069    0.121929     1.04548     2.60166     3.82785     4.65232     5.76174     7.01115     77.4425     121.223     123.352
  -0.659996     0.15488     1.08514     2.51639     3.80416     4.60734     5.76119     6.96745     77.3456      121.48     123.603
   -0.68915    0.177789     1.16614     2.44404     3.75241     4.58806     5.80936     6.91863     77.2586     121.721     123.893
  -0.734981    0.203097     1.23676     2.40767     3.70391      4.6165      5.7769     6.91369     77.1775     121.994     124.173
  -0.806326    0.236335     1.36631     2.52401     3.68635      4.5619     5.79817     6.86799     77.0974     122.276     124.439
  -0.872548    0.254635     1.42992     2.49654     3.67034     4.51484     5.87137     6.80229     77.0144     122.534      124.71
  -0.942896    0.227769     1.46558     2.49264     3.67011     4.53678     5.85741     6.78326     76.9373     122.772     124.943
  -0.993195     0.17434     1.43754     2.49671      3.6071     4.54389     5.78903      6.7484     76.8641     123.031     125.198
    -1.0404    0.178119     1.45319     2.52219     3.62873     4.55489     5.72334     6.77456     76.7808     123.311     125.494
   -1.11901    0.230509     1.45082       2.595     3.63495     4.65057     5.64972     6.74659     76.7027      123.52     125.754
   -1.16818    0.179837     1.50385     2.74053     3.61695     4.61575     5.67656     6.74144     76.6261     123.801     126.042
   -1.13807    0.143246     1.58477     2.88388      3.5745     4.60126     5.67713     6.72864      76.552     124.072     126.295
   -1.16121    0.132417     1.62342     2.84532     3.62137     4.56754     5.62367     6.82811     76.4687     124.338     126.537
   -1.13252     0.15129     1.66575     2.81551     3.72765     4.53866     5.58221     6.84796     76.3799      124.58     126.763
   -1.18467      0.1614     1.67655     2.74669     3.74473     4.50209     5.61386     6.89756     76.3054     124.844     126.973
   -1.25821    0.178446     1.72743     2.71049     3.73196     4.49532       5.683     6.93068     76.2275     125.085     127.207
   -1.30843     0.19461     1.75253     2.76432     3.70717     4.46957     5.66839     6.96775     76.1427     125.344     127.473
   -1.38383    0.188401     1.78499     2.77717     3.64619      4.4671      5.6838     6.99111     76.0545     125.598     127.729
   -1.44769    0.176815     1.78167     2.83194     3.66839     4.47726     5.67992     6.94064     75.9665     125.817     127.988
   -1.50119    0.197038     1.78031     2.84532     3.68604     4.51708     5.66572     7.03915     75.8809     126.082     128.232
   -1.56491    0.184607     1.77836     2.94815     3.64006     4.56027     5.64109     7.08852     75.7884     126.302     128.468
   -1.62038    0.254735     1.77577     2.93733     3.72838     4.63072     5.63814     7.11977      75.703     126.541     128.724
    -1.6847    0.318741     1.71944     2.90357     3.80284     4.60856     5.62042     7.11354     75.6329     126.819     129.004
   -1.71007    0.417721     1.66122     3.01376     3.77485     4.55886     5.57994     7.14038     75.5562     127.123     129.252
   -1.67237    0.364392     1.71664     2.99186       3.789      4.5421     5.53033     7.08991     75.4852      127.36     129.542
   -1.58668    0.371697     1.65558     3.03111     3.73291     4.49044     5.58484     7.09075     75.4047     127.664      129.78
   -1.61686    0.329936     1.64613     3.03371     3.67349     4.56241     5.60945     7.05714      75.328     127.907     130.037
   -1.67002    0.266161     1.64267      3.0803     3.68919     4.53002     5.57782      7.0501     75.2574     128.147     130.253
   -1.72984    0.234411     1.66263     3.11134     3.75287     4.53035     5.58349     7.03832     75.1739     128.389     130.503
   -1.78825    0.286682     1.72295     3.21916     3.79347     4.54346      5.5442     7.03068     75.0962     128.606     130.748
   -1.85698    0.358465     1.73948     3.18218     3.80283     4.51105     5.50139     7.09245      75.013     128.831     131.022
   -1.88908    0.350129     1.75436     3.12232     3.81194     4.48493     5.47956     7.05903     74.9403     129.051     131.231
   -1.91202    0.276233      1.8155     3.05881     3.77586      4.4303      5.5358     7.04565     74.8614     129.298     131.482
   -1.90187    0.219348     1.75584     3.06659     3.80763     4.38259     5.52055      7.0637     74.7868     129.569     131.737
   -1.92794    0.176783     1.75916     2.99341     3.79597     4.49796     5.52849     7.03189     74.7235     129.813     131.961
    -1.8426    0.109809     1.76254     2.92182     3.80546     4.63288     5.64579     6.97855     74.6584     130.066     132.215
   -1.84472   0.0581719      1.7153     2.89713     3.80186     4.68064     5.67083     7.02236      74.591     130.335      132.46
   -1.85006 -0.00757006     1.66852     2.90759     3.78305     4.61204     5.75636     7.05885     74.5156     130.611     132.723
   -1.85366  -0.0466777     1.64454     2.97727     3.78022      4.6281     5.78026     7.05258     74.4362     130.878     132.956
   -1.85671  -0.0579365      1.6321     2.90588     3.75073     4.63205     5.77043     7.09651     74.3611     131.142     133.175
   -1.85102   -0.103566     1.55668     2.96029     3.69517     4.61199     5.77759      7.1136     74.2885     131.405     133.397
   -1.90269  -0.0647559     1.56685     2.90119     3.67961     4.69014     5.72569     7.14032      74.221      131.67     133.655
   -1.91965     -0.1286     1.54594     2.84805     3.62394     4.72635     5.69569      7.0842     74.1328     131.935     133.904
   -1.88148    -0.17955     1.52652     2.91568     3.56994     4.79264     5.64304     7.08747      74.048     132.148     134.129
   -1.90226   -0.178447     1.51478     2.96745       3.561     4.82173     5.69794     7.04119     73.9661     132.366     134.357
      -1.79   -0.237919     1.46423     3.05437     3.54714     4.76766     5.74259     6.98237     73.8971     132.592     134.606
   -1.76656   -0.306422     1.48079     2.99767     3.69939     4.71215     5.73141     6.99156     73.8335      132.85     134.854
   -1.68594   -0.358154     1.49765     2.99197     3.68575     4.69119      5.7793     7.02057     73.7521     133.122     135.105
   -1.51255   -0.423775      1.4626     3.01808     3.62135     4.69958     5.76521     6.98335     73.6774     133.338     135.342
   -1.52496     -0.4234     1.44765     2.96496     3.65444     4.69782     5.74923     6.97942     73.5789     133.573       135.6
   -1.58828   -0.428125     1.48032     3.01467     3.63953     4.64166     5.74871      6.9699     73.5078     133.856     135.842
   -1.65543   -0.444498     1.46765     3.02856     3.58296     4.68279     5.71906     6.96937     73.4395     134.121     136.076
   -1.64305   -0.482143      1.4658     3.07768     3.55004     4.74713     5.72738     6.97733     73.3647     134.387     136.313
   -1.50667   -0.522767     1.39246      3.1014     3.63679     4.69192     5.76193     7.00214      73.292     134.625     136.541
   -1.38003   -0.577742     1.38503     3.06659     3.73055     4.67405     5.76751     7.03413     73.2029     134.828     136.785
   -1.39106   -0.578103       1.421     3.00524     3.71844     4.71609     5.83301     6.99494     73.1311     135.061      137.03
    -1.4149   -0.584085     1.49835     2.96359     3.81526      4.6931     5.82563     7.05176     73.0516     135.324     137.256
   -1.46708   -0.540384     1.52454     2.98295     3.81454      4.6786     5.82843     7.10272     72.9729     135.543     137.492
   -1.50659   -0.512405     1.53386     2.91998     3.82542     4.65642     5.92608     7.09797     72.9192     135.729     137.717
   -1.48464   -0.503844     1.55956     2.84857     3.77229     4.72941     5.92551     7.08406     72.8486     135.982     137.958
   -1.52854   -0.453131     1.56139     2.95321     3.69339     4.73921     5.93367     7.13061     72.7794     136.253     138.197
   -1.54088   -0.393617      1.5671     3.00049     3.69526     4.73158     5.88244     7.17355     72.7058     136.466     138.451
   -1.53494   -0.371437     1.57648     3.08372     3.70319     4.65854     5.90635     7.21073     72.6389     136.707     138.661
   -1.47498   -0.371696     1.57314     3.06178     3.77085     4.60554      5.8824     7.26913     72.5591     136.956     138.885
   -1.34073   -0.408997      1.5589      2.9891     3.88711     4.55859     5.88018     7.26922     72.4988       137.2     139.065
   -1.23355   -0.399633     1.50227       2.949     3.96042     4.53264     5.85123     7.30525     72.4419     137.416     139.295
   -1.28038   -0.401194     1.52196     2.97615      4.0353     4.50376      5.8351     7.33642     72.3709     137.686     139.527
   -1.35072   -0.371692     1.50678     2.93173     4.08147      4.4833      5.7894     7.34506      72.302     137.885     139.778
   -1.35243    -0.35585     1.48687     2.90943     4.04116     4.58374     5.83812     7.29373     72.2303     138.102      140.01
   -1.30389    -0.42023      1.4389     2.91347     4.03454     4.60309     5.87992     7.25653     72.1645     138.363     140.218
   -1.32102   -0.342434     1.39771     2.89065     4.09322     4.60259     5.89607     7.22778     72.1166     138.598     140.441
   -1.30887   -0.374851       1.382     2.91631     4.06166     4.59418      5.8948     7.20544      72.051     138.835     140.688
   -1.36505   -0.375325     1.47355     2.87221     4.01767     4.61141     5.90548      7.1389     71.9835     139.065     140.922
   -1.41452   -0.326022     1.51014     2.85628     3.96509     4.68495     5.89986     7.17769     71.9165       139.3      141.17
   -1.47292   -0.283421     1.49425     2.89082     3.89796      4.7364     5.87107     7.13591     71.8362     139.521     141.368
   -1.52845   -0.247246     1.54172     2.87445     3.87646     4.70597     5.98227     7.10561     71.7701     139.754     141.561
    -1.5808   -0.245809     1.52721     2.86977     3.81635     4.64446      5.9637     7.06924     71.6944     139.961     141.825
   -1.62344   -0.249251     1.56227     2.91463     3.75473     4.63496     5.94679     7.02373     71.6366     140.158     142.057
   -1.62695   -0.263477     1.58973     2.96553     3.68998     4.61661     5.92512      7.0581     71.5732     140.407     142.302
   -1.63365   -0.262765     1.63803     3.00611     3.67605     4.60896     5.88488     7.09531     71.5048     140.641     142.536
   -1.64152    -0.25357     1.66442     3.13313     3.65044     4.59495     5.85942     7.11019     71.4372     140.896     142.761
   -1.63907   -0.230261     1.62631      3.1498     3.61299     4.65591     5.79152     7.15657     71.3641     141.117     142.976
   -1.58288   -0.210538     1.68484     3.09132     3.63634     4.73835     5.81278     7.14476      71.303     141.348     143.175
   -1.54332   -0.223287     1.70775     3.06016     3.65471     4.70859      5.8443     7.16278     71.2376     141.582     143.369
   -1.47704   -0.201607     1.70697     3.03613     3.65965     4.72937     5.81775     7.12611     71.1754     141.831     143.631
   -1.44044    -0.14812     1.72562     3.02818     3.66407     4.69419     5.80865     7.12109     71.1161     142.082     143.836
   -1.36373   -0.140832     1.74981     3.01039      3.6192     4.75082     5.74835     7.12037     71.0586     142.313     144.064
   -1.40674   -0.111755      1.7002     2.97979     3.56891     4.79912     5.80541     7.06701     70.9861     142.499      144.27
   -1.38158   -0.161583     1.67564     3.01381     3.50864     4.75562     5.84193     7.02074     70.9249     142.712     144.508
   -1.26241   -0.111303     1.63732     2.99376     3.44968     4.75862     5.86365     7.02619     70.8608     142.932     144.726
   -1.18311   -0.138274       1.624     3.01924     3.40327     4.72631     5.83101     7.02671     70.7936     143.113      144.99
   -1.24233   -0.123494     1.58689     3.01078     3.34785     4.73885      5.8894     6.97199     70.7307     143.323     145.216
   -1.26589  -0.0845697     1.63604     3.04042     3.32446     4.73733     5.86317     6.90105     70.6551     143.526     145.429
   -1.25731  -0.0853929     1.64436     3.06366     3.28424     4.74398     5.84711     6.94699     70.5919     143.775     145.624
   -1.24183  -0.0629846     1.66149     3.04629     3.34911     4.73772     5.78607     6.97229     70.5294     144.012     145.855
   -1.18351  -0.0381886     1.74793     3.09028     3.41372     4.72148     5.72628       6.951     70.4695     144.251     146.099
   -1.17051   0.0148442     1.74927     3.07009     3.52268     4.69972      5.6789     6.91802     70.4057     144.462     146.296
   -1.19127    0.067253     1.74882     3.03705     3.61027      4.6991     5.67372     6.88274     70.3355      144.71       146.5
   -1.19042    0.136314     1.82591     2.98479     3.67971     4.62167     5.64477     6.88709      70.263     144.895     146.703
   -1.23785   0.0976786     1.81795     2.92716     3.71865     4.67834     5.59406     6.88558     70.1955     145.116     146.928
   -1.28324    0.118135     1.85023     2.87251     3.77009     4.64696     5.55257     6.88264      70.125     145.303      147.13
   -1.19316   0.0832491     1.86916     2.99595     3.76525     4.62932     5.67252      6.8427     70.0601     145.509     147.324
   -1.19028    0.151605     1.87195     2.98352      3.7727      4.6682     5.72391     6.81412     70.0003     145.719     147.533
   -1.08903    0.202812     1.86894     2.92928     3.75272      4.6314     5.71611     6.85568     69.9289     145.923     147.751
   -1.10759    0.211784     1.86084     2.93574     3.73438     4.69342     5.67784     6.92013     69.8735     146.162     147.985
   -1.16436    0.205911     1.92099     2.97342     3.88999     4.65479     5.71413     6.95384     69.8096     146.369     148.148
   -1.19646    0.138538     2.01728     2.93687      3.9229     4.63646     5.74936     6.94022     69.7416     146.564     148.363
   -1.22369    0.135754     2.01871     2.89325     3.90332     4.73031      5.7228      6.9459     69.6804     146.747      148.61
    -1.2703     0.08512     2.02984     2.91377     3.83714     4.80207     5.79008     6.91469     69.6181     146.965     148.821
    -1.2892    0.046734     1.98614     2.95037     3.76648     4.86429     5.75491     6.93695     69.5498     147.192     149.079
   -1.21918   0.0156375     1.98133     3.03354     3.71188     4.89606     5.74985      6.9067     69.4725     147.422     149.278
   -1.23285 -0.00418506     1.99924     3.06187     3.64997     4.91579     5.71046        6.97     69.4135     147.649     149.475
   -1.19262  -0.0278899     1.93607     3.07306     3.59475     4.97004     5.67861     7.03677     69.3429     147.871     149.686
   -1.20328   0.0554965     1.89057     3.06738     3.56714     4.94746     5.73759     7.02085      69.278     148.096     149.891
   -1.12984   0.0721321     1.96403     3.01686     3.62051     4.89867      5.6966     7.05839      69.206     148.304     150.113
   -1.15677     0.10254     1.99852      3.0072     3.58884     4.90127     5.67985     7.04185      69.133     148.553      150.33
   -1.09517   0.0794995     2.04195     3.02728     3.59264     4.84181     5.77562     6.99741     69.0582     148.753     150.523
   -1.00522    0.036457     2.06157     2.99473     3.56275     4.84573     5.78548     6.95964     68.9964     148.961     150.734
   -1.01001   0.0150187     2.05072     3.06983     3.51209     4.90168     5.73806     7.01776     68.9277     149.187     150.928
  -0.960078   0.0140735     2.01347      3.1177     3.54436     4.83824     5.82433     6.98193     68.8598     149.398     151.159
  -0.839953   0.0649792     2.01253     3.07794     3.56391     4.78723      5.8157     7.00786     68.7949     149.636     151.337
  -0.867705   0.0997349     1.96155     3.05684     3.62662     4.72383     5.77725     7.01488     68.7224     149.807     151.543
  -0.820507     0.07593     1.95087     3.00874     3.72621     4.68006     5.75898     7.00504     68.6553      150.06      151.76
   -0.83004   0.0565193     1.94292      3.0233     3.69756     4.74596     5.70591     7.05697     68.5866     150.287     151.987
  -0.847147   0.0338991     1.95879     2.96226     3.65841     4.80793     5.65018     7.03449     68.5274     150.492     152.199
   -0.86086   0.0164526     1.94907     3.07172      3.6338     4.77133     5.60632     6.99803     68.4629     150.701     152.396
  -0.911216   0.0299921     1.94759     3.06886     3.63075     4.80594     5.56998     6.99807     68.4019     150.927     152.573
  -0.960039    0.065849     1.93759     3.19985     3.60309     4.82349     5.54386     6.96939     68.3347     151.093     152.817
   -1.00926     0.11417     1.99455     3.17312     3.62728     4.80799     5.55805     6.99431     68.2705     151.292     153.026
   -1.07203    0.124956     2.00953     3.20197     3.72168     4.76559     5.62126     6.97224     68.1976     151.542     153.249
   -1.06293   0.0621738     2.09763     3.17573      3.7938     4.79227     5.64114     6.95976     68.1302     151.769     153.414
   -1.11123  0.00039693     2.15705     3.13987     3.84547     4.75897     5.67081     6.97797     68.0639     151.986     153.612
   -1.11949  0.00875242     2.12603     3.15212     3.87101     4.76722     5.70418     7.00877     67.9849     152.166     153.821
   -1.14954  -0.0456148     2.16887     3.23574     3.90285     4.75516     5.70982     6.97525     67.9229     152.373     154.015
   -1.18481  -0.0716306     2.13637      3.1967     3.93622     4.70375     5.71794     6.94763      67.868     152.594     154.229
   -1.14977  -0.0473098     2.14114     3.14353     3.99462     4.65238     5.75077     6.97172     67.8045     152.812     154.457
   -1.10847  -0.0429209     2.15732     3.07901     4.07533     4.68246     5.71014      7.0068     67.7497     153.016     154.694
   -1.12006  -0.0224464     2.14567     3.01506     4.10319     4.74111     5.73514     6.94215     67.6765     153.248     154.884
    -1.0741   0.0197145     2.08227     2.95513     4.11068      4.7985     5.74568     6.95776     67.5952     153.459      155.11
   -1.08431    0.102371     2.04971     2.89203     4.08085     4.83567     5.68745     7.00331      67.525     153.659     155.293
   -1.07955    0.129672     2.05455     2.82368     4.06197     4.81435     5.71466     6.97493     67.4567     153.881     155.509
    -1.1064    0.122956     2.03565     2.83992     4.05283     4.75518     5.79429     6.91693     67.4023     154.087     155.725
   -1.17934    0.135816     1.99244     2.85128     4.00518     4.78985     5.80438     6.91687     67.3434     154.297     155.946
   -1.22473    0.108951     1.93532     2.82829     3.99094     4.81699     5.75059     6.92896      67.284     154.497     156.145
   -1.28819   0.0792234     1.86741     2.87519     3.96296      4.8633     5.73578     6.97313     67.2131     154.703     156.357
   -1.34002   0.0590165     1.81407     2.93807     3.91769     4.88529      5.7125     7.03201     67.1483     154.903     156.575
   -1.35281   0.0209482     1.76035     2.88289     3.93628     4.92672     5.64129     7.05517     67.0862     155.103     156.794
   -1.32826  -0.0152831     1.70661     2.82676     3.90789     4.96721     5.62063     7.09815     67.0305      155.34     157.019
   -1.38947   0.0289879     1.68715     2.77157      3.8784     4.99731     5.62493     7.11568     66.9754     155.576     157.212
   -1.43917  0.00790012     1.68112     2.73899     3.84809     5.00684     5.65069     7.07334     66.8993     155.766     157.433
   -1.42359  -0.0330575     1.71804     2.72577     3.79141     5.05338     5.64559     7.06032     66.8312     155.974     157.626
   -1.41769  -0.0832088     1.81321     2.68648     3.82534     4.99572     5.70889     7.05382     66.7654     156.193     157.827
   -1.44843   -0.141337     1.85565      2.6377     3.83271     4.95886     5.76443     7.09429     66.7026     156.395     158.027
   -1.50492   -0.120675     1.89541     2.61841       3.855     4.92694     5.72561     7.12745      66.634     156.604     158.231
   -1.54905  -0.0873155     1.90399     2.64616     3.87612     4.88823     5.73186     7.15349     66.5686     156.789     158.448
   -1.61157  -0.0685923     1.88587     2.70156     3.95179     4.82684     5.68908     7.20197     66.5141     156.962     158.646
    -1.6703   -0.098253     1.88439      2.7768     3.90606     4.77468     5.67258     7.22473     66.4589     157.174     158.843
   -1.72652   -0.131023     1.95163      2.8072     3.88501     4.71065     5.69997     7.24594     66.3989     157.384     159.058
   -1.76302   -0.151896     1.99843     2.89644     4.03274     4.66091     5.73398      7.2149     66.3321     157.562     159.282
   -1.80257  -0.0955098     1.99974     2.94281     4.00519     4.76613     5.68505     7.21275     66.2732     157.721     159.472
   -1.84296    -0.12445      2.0148     3.04623     3.99284     4.77367     5.71196     7.14001      66.209     157.921     159.677
   -1.85043   -0.123516     1.98934     3.07029     4.06044     4.72988     5.70181     7.14724     66.1519     158.143      159.89
   -1.87813   -0.133076     1.96513     3.17062     4.04052     4.70726     5.71326     7.13544     66.0889     158.374     160.087
   -1.92602   -0.120356     1.90805     3.17925     4.03966     4.65624     5.70831     7.15833     66.0314     158.606     160.311
   -1.97807    -0.11053     1.88694     3.17301     4.10416     4.65736     5.70885     7.14894     65.9673     158.796     160.495
   -2.01728  -0.0762775     1.91761     3.25598     4.06921     4.67597     5.66509     7.16889     65.9091     158.957     160.709
   -2.06255  -0.0901469     1.89825     3.28552     4.06123     4.76058     5.60953     7.17132     65.8503     159.159     160.943
   -2.10556  -0.0632879     1.92878     3.28137     4.03914     4.82691     5.61952     7.12469     65.7976     159.387     161.118
   -2.11407  -0.0796125     1.93317     3.34279     3.99073     4.82685     5.58649     7.15054     65.7344     159.565     161.291
   -2.10142   -0.122898     1.92702     3.32443     3.95081     4.93452     5.53258      7.1563     65.6757     159.793      161.51
   -2.12476   -0.140226      1.9286     3.27198     3.95505     4.98168      5.5765     7.12546     65.6177     159.994     161.723
   -2.17278   -0.112483     1.89947     3.26601     3.91484     5.03506      5.6422     7.07622     65.5597     160.199     161.922
   -2.20513    -0.17015     1.90213      3.2287     3.87344     4.99385     5.76519     7.05335     65.4962     160.385     162.115
   -2.19313   -0.193401     1.91269     3.28362     3.82538      5.0066     5.83021     7.01942     65.4289      160.57     162.306
   -2.18396   -0.220185     1.88418     3.37233     3.85327     4.95358     5.89129     6.99135     65.3678     160.805     162.512
   -2.20638   -0.238417     1.83552      3.3869     3.84276     4.92863     5.91283     6.97725      65.312     161.003     162.708
   -2.16356   -0.272218     1.80713      3.4056     3.81146     4.98987     5.87203     7.02505     65.2515     161.223     162.894
   -2.18266   -0.263616     1.76358      3.4247     3.77639     5.03315     5.82537     7.03642     65.1962     161.446     163.103
   -2.22924    -0.25194     1.78922     3.38104     3.80358     5.06277      5.8529     6.99608     65.1411     161.659     163.305
   -2.28326   -0.261344     1.74557     3.36799     3.80718     5.12258     5.88622     6.95405     65.0736     161.847     163.488
   -2.33056   -0.317503     1.75614     3.35112     3.77823     5.13066     5.92674     6.89028     65.0155     162.058     163.714
   -2.36244   -0.349499     1.76195     3.33316     3.73681     5.14609     5.93599     6.86574     64.9555     162.255     163.919
   -2.31667   -0.401164     1.73093       3.286     3.75914     5.12481     5.98973     6.86428     64.8922     162.435     164.109
   -2.31746    -0.43207      1.6729     3.25948     3.76442     5.10079     5.95099     6.86868     64.8334     162.639     164.341
   -2.30098   -0.458013     1.69058     3.21759     3.79786     5.11471     5.90777     6.93537     64.7711     162.842     164.538
   -2.30725   -0.407099     1.69839      3.2891     3.76976     5.09994     5.86616     6.93996     64.7099     163.023     164.706
   -2.29834   -0.453095     1.67937     3.36369     3.72195     5.07128      5.8707     6.93324     64.6463     163.214     164.854
   -2.32054   -0.501747     1.73579     3.31548     3.67546     5.04631     5.84334     6.97697     64.5917      163.38     165.026
   -2.28938    -0.52562     1.68355     3.36399     3.67529     4.99968     5.88025      6.9415      64.534     163.591     165.206
   -2.23641   -0.543255     1.66105     3.32475     3.66878     4.94605     5.89539     6.93027     64.4674     163.783     165.405
   -2.28495   -0.550389     1.65767     3.28311     3.74592     4.89524     5.89334     6.94288     64.4046     163.992     165.569
   -2.23629   -0.598128     1.63011     3.26404     3.76119     4.85455     5.83657      6.9532     64.3447     164.185     165.773
   -2.17807    -0.65539     1.63972     3.22554     3.83737     4.81717      5.9202     6.89955      64.287       164.4     165.974
   -2.20081   -0.677271     1.63915     3.22303       3.815     4.83077     5.91954     6.89899      64.224     164.592     166.154
   -2.10054   -0.734753     1.58888      3.2243     3.78965     4.80352     5.87883     6.88925     64.1708     164.783     166.373
   -2.09136   -0.797007     1.57927     3.26395     3.78186     4.86508     5.83573     6.93753     64.1092     164.971     166.567
   -2.10454   -0.859664     1.53183     3.27093     3.84163     4.81878      5.8747     6.91543      64.055     165.156     166.771
   -2.05569   -0.903093     1.48705     3.23583     3.87558     4.77424     5.94325     6.91337     63.9933      165.36      166.96
   -2.08936   -0.947126     1.47043     3.20232     3.90662     4.73925     5.90198     6.96683     63.9462     165.553     167.131
     -2.076   -0.997868      1.4844     3.12944     3.92825     4.74261     5.91147     6.94379     63.8835     165.761     167.304
   -2.08231    -1.02228     1.44047     3.13694      3.8935     4.74549     5.84974     6.96402     63.8234     165.945     167.464
   -2.08314    -1.03102     1.45464     3.16717     3.85047     4.82512     5.80813     6.95634     63.7657     166.148     167.663
   -2.03767    -1.08495     1.44342     3.12503     3.81874     4.86549     5.81006      6.9131     63.7084     166.326     167.828
   -2.07467    -1.11946     1.42004     3.11965     3.77317     4.85778     5.78816     6.88539     63.6556     166.536      168.02
   -2.07787     -1.1568     1.40568     3.08942     3.73375     4.86993     5.78687     6.89211     63.5992     166.751      168.23
   -2.12089    -1.13244     1.37616     3.11495     3.67395      4.9271     5.78755     6.96571     63.5412     166.913     168.416
    -2.1693    -1.10134     1.33596     3.11182     3.65104     4.93654     5.74462     6.95095     63.4859     167.083     168.583
   -2.21204    -1.05294     1.30075     3.03625     3.67357     5.01128     5.70299      6.9962     63.4286     167.295     168.759
   -2.21633    -1.09544     1.30363     2.97628     3.72607      4.9537     5.73016      6.9998     63.3681     167.442     168.965
   -2.23612    -1.13785     1.31803     2.95311     3.69111     4.96247     5.68126     7.00875     63.3001     167.625     169.168
   -2.23302    -1.15378     1.31059     2.99316     3.64756     4.93562     5.64657     7.02783      63.251     167.855     169.381
   -2.24202    -1.15697     1.29709     3.04749     3.60897     4.93253     5.63093     6.99825     63.1907      168.06     169.592
   -2.26485      -1.165       1.311     3.06924     3.65804      4.9148     5.66751     7.00232     63.1358     168.238     169.789
   -2.31335    -1.15893     1.31945     3.06263     3.68637      4.8556     5.63821     7.03478      63.073     168.418     169.984
   -2.33607    -1.10036     1.31157     3.04115      3.6529     4.86532     5.64739      7.0306      63.015     168.588     170.156
   -2.38838    -1.04211     1.34521     3.02021     3.66688     4.83055     5.63206     7.04969     62.9576     168.743     170.345
    -2.4405    -0.98913     1.32829     2.98688     3.63608     4.84587     5.58079      7.0869     62.9018     168.957     170.491
   -2.45925   -0.987532     1.27701     3.02134     3.71767     4.79915     5.62731     7.07983     62.8499     169.144     170.673
   -2.47174   -0.924847     1.23089     2.98576     3.82691     4.74973      5.6022     7.09173     62.7948     169.349     170.866
   -2.37504   -0.982186     1.21022     2.99361     3.81455     4.70286     5.57905     7.10978     62.7452     169.521     171.058
   -2.36432   -0.983771     1.20427     3.09422     3.77477     4.68707     5.55997     7.14639     62.6818      169.69     171.238
   -2.40449   -0.981154     1.22286     3.12647     3.75427     4.73446     5.55447      7.1216      62.629     169.863      171.44
   -2.42564    -0.95808     1.22959     3.08296     3.84707      4.6941     5.56177     7.11138     62.5688     170.056     171.634
   -2.43568   -0.977803     1.25222     3.02536     3.87695     4.67302     5.58575      7.0882     62.5011     170.231     171.816
   -2.39282   -0.946545     1.22338     2.97023     3.83608      4.7422     5.55796     7.09072       62.44     170.415     171.979
   -2.38916   -0.936549     1.23369     2.96976     3.87945      4.7007     5.54264     7.13586      62.377     170.582     172.159
    -2.3342   -0.969117     1.22373     2.98068     3.85083     4.68719     5.55374     7.16071     62.3219     170.786     172.373
   -2.35273   -0.946954     1.18475     2.94506     3.81599     4.70963     5.54124     7.11386     62.2721     170.962     172.552
   -2.34399   -0.951229     1.18495     2.91408     3.77636     4.75487     5.50802      7.1488     62.2191     171.176     172.742
   -2.33045   -0.973057     1.16686     2.93181     3.73392     4.78491      5.4728     7.18523     62.1641     171.372     172.933
   -2.28302   -0.992242      1.1418     2.96718     3.68033     4.75756     5.44456     7.20544     62.1061     171.558     173.116
   -2.29244    -0.98647     1.17793     2.99655     3.61955     4.74593      5.4679     7.18928     62.0549     171.748     173.298
   -2.30033   -0.945282     1.16329     3.02525     3.58869     4.70638     5.49395     7.17344     61.9907     171.945     173.481
   -2.18183   -0.979734     1.25133     3.05294     3.53532     4.67697     5.53315     7.14993     61.9334     172.161     173.645
   -2.15431   -0.979809     1.22188     3.04678     3.54499     4.66714     5.60871     7.10604     61.8751     172.345     173.806
     -2.157   -0.916954     1.17613     3.05465     3.60701     4.63088     5.67368     7.06369     61.8236     172.538     173.998
   -2.15799   -0.878032     1.17596     3.02621     3.63724     4.58507     5.76436     7.04551     61.7639      172.72     174.177
   -2.13328   -0.857909     1.15079     2.98719     3.63897     4.55272     5.77087     7.00978     61.7052     172.905     174.398
   -2.14674   -0.795642     1.11043     2.97164     3.61547     4.55008     5.75569     6.99571     61.6504     173.092     174.577
   -2.10193   -0.732859     1.14392     2.90689     3.67207     4.53439     5.73713     6.97594     61.5913     173.288     174.774
   -2.01351   -0.693518     1.20818     2.93277      3.6295     4.54074      5.7162     6.97038     61.5386     173.463     174.949
   -2.04647   -0.684002     1.21063     2.89659      3.6154     4.60639     5.68453     6.99316     61.4693     173.619     175.142
   -2.04546    -0.69559     1.20136     2.84884     3.59167     4.61848     5.64994     6.96432     61.4053     173.838     175.317
   -2.03456   -0.717569     1.18869     2.83105     3.55384      4.6022     5.60231     6.98148     61.3492     174.027     175.519
   -2.06398   -0.717709     1.20208     2.79174     3.51446     4.55016     5.59771     6.99412      61.294     174.211     175.716
   -2.09377   -0.700044     1.15484     2.76792     3.49279     4.55067     5.55051     7.02021     61.2406     174.402     175.903
   -2.13121   -0.651613     1.15717     2.75838     3.57893     4.51012     5.50894     7.05848     61.1836      174.59     176.081
   -2.13864   -0.648883     1.20918     2.76563     3.62993     4.49973     5.48471     7.03503     61.1255     174.792     176.247
   -2.15721   -0.595545     1.19193     2.80886     3.62049     4.50504     5.43062     7.04011     61.0624     174.969     176.409
   -2.08083   -0.634314     1.16038     2.82835     3.58615     4.52498     5.40051     7.03104     61.0024      175.15     176.614
   -1.99557   -0.678708     1.20438     2.78042     3.62114      4.4839     5.46303     6.97844     60.9368     175.319     176.798
   -2.01287   -0.652878     1.24112     2.73753     3.60745     4.49188     5.45685     6.93817     60.8821     175.505     176.975
   -2.01364   -0.660174     1.23576     2.73555     3.69499     4.43599     5.44309     6.91054     60.8279     175.671     177.164
    -1.9992   -0.712589     1.29084     2.68852     3.70321     4.44346     5.42823     6.88116     60.7732     175.853     177.338
   -2.03912   -0.643203     1.27869     2.71791     3.65603     4.46192     5.48208     6.85425     60.7146     176.024     177.555
   -2.07937   -0.637017     1.26549     2.65682     3.63959     4.47831     5.45147     6.87218      60.658     176.231     177.749
   -2.08865     -0.6619     1.26105     2.62491     3.61596     4.47673     5.47278     6.87153     60.5984     176.402     177.911
   -2.10583   -0.699745     1.26779     2.67173     3.59437      4.4577      5.4758     6.84974     60.5439     176.586     178.089
   -2.14907   -0.660433     1.26129     2.67115     3.65333       4.421     5.49487     6.87479     60.4921     176.777     178.282
   -2.15599    -0.63746     1.23821     2.64652     3.65311      4.4159     5.48865     6.89988     60.4357     176.957     178.482
    -2.1087   -0.598543     1.20515     2.64432     3.60386     4.37615     5.52325      6.9457      60.384     177.128     178.661
   -2.14922   -0.580218      1.2419     2.68878     3.55082     4.40164     5.55022     6.96186     60.3318     177.295     178.874
   -2.17938   -0.623571      1.2537     2.74357     3.55525     4.35463       5.555      6.9635     60.2801     177.496     179.063
   -2.14958   -0.616997     1.23222     2.76389     3.51754     4.38772     5.53478     6.95124      60.225     177.681     179.301
   -2.07956   -0.614669     1.25084     2.79817     3.45937       4.429     5.50151     6.91401     60.1654     177.856     179.486
   -2.10101   -0.632795      1.3088     2.75586     3.50338       4.386     5.54099     6.93479     60.1135     178.023     179.658
   -2.11673   -0.618999     1.33082     2.78809      3.4982     4.45104     5.54835     6.92325     60.0595     178.195     179.856
   -2.12959    -0.58472     1.30237     2.83515     3.45766     4.44458     5.55919     6.90243     59.9992     178.379     180.048
   -2.11806   -0.566819     1.31361      2.8424     3.46537     4.48377     5.53252     6.92378     59.9419     178.572     180.222
   -2.15333   -0.526376     1.35162      2.8826     3.50339     4.45529     5.58375      6.9138     59.8862     178.745     180.406
    -2.1768    -0.53955     1.33107     2.85322     3.50496      4.4221     5.63864     6.92242      59.834     178.945     180.585
   -2.11927   -0.567953     1.36598     2.80648     3.53699     4.40823     5.62428      6.9251     59.7775     179.113     180.772
   -2.11338   -0.625228     1.38643     2.77337     3.57106     4.37807     5.60774     6.92922     59.7214     179.288     180.925
   -2.09347   -0.628922     1.38703     2.79945     3.63189     4.34341     5.59839     6.95552     59.6618     179.465     181.122
   -2.02072    -0.66269     1.37234     2.80827     3.69431     4.30782     5.60622     7.00742     59.6083     179.644     181.281
   -1.97559   -0.695656      1.3784     2.75732     3.78228     4.27699     5.62412     7.00106     59.5559     179.828     181.457
   -1.99803   -0.701504     1.37975     2.69627      3.7416     4.33144     5.67133      7.0209      59.509     179.974     181.647
   -1.93855   -0.708989      1.3686     2.65322     3.80892     4.35007     5.62741      7.0262     59.4601     180.148     181.844
   -1.88881   -0.740989      1.3598     2.64175      3.8636     4.33783     5.61828     7.05024     59.3994     180.321      182.02
   -1.79528   -0.723833     1.32811     2.67945     3.95721     4.31725     5.60367     7.07129     59.3442     180.503     182.189
   -1.82091   -0.648896     1.33934     2.65902     3.91417     4.31411     5.57929     7.10438     59.2955      180.69     182.354
   -1.79317   -0.605994     1.32612     2.60778     3.87002     4.35991     5.59275     7.08634     59.2389     180.855     182.506
   -1.70541   -0.616922     1.34608     2.54807     3.88827     4.35447     5.58463     7.05336     59.1853     181.041     182.665
   -1.67504   -0.630742      1.3335     2.53329     3.85138     4.40155     5.56979     7.06479     59.1368     181.228     182.844
   -1.69387   -0.678442     1.32032     2.48708      3.8375     4.46076     5.53758     7.12321     59.0714     181.366     183.013
   -1.72494    -0.67397     1.28626     2.50934     3.79721     4.49195     5.55794     7.12015     59.0136     181.537     183.236
    -1.7555   -0.672499     1.27495     2.54773     3.74623      4.5079     5.57001     7.10232     58.9657     181.743     183.404
   -1.79012   -0.641539     1.30268     2.59665     3.69245     4.49918     5.57638     7.06045     58.9089     181.912     183.566
   -1.81958   -0.624403     1.32041     2.64946     3.70525     4.45027     5.62085     7.03227     58.8527     182.069     183.721
   -1.85813   -0.604361     1.29817     2.69911      3.7243     4.40851     5.64303     7.04136     58.7965      182.22     183.856