-4005.81
-3999.98
-4005.66
-4011.96
-4022.92
-4015.02
-4025.74
-4039.59
-4004.55
-4004.55
-4004.55
-4004.55
-3995.96
-4004.55
-3988.19
-4004.55
-3991.24
-3989.29
-3989.29
-4004.55
-4001.66
-3995.97
-4017.86
-3987.75
-3999.11
-3997.25
-3996.28
 -3997.9
-3991.62
-3997.19
 -3999.2
-4001.53
-3991.33
-3997.31
-3990.06
-3996.75
-3990.77
-4003.45
-3984.35
-3990.89
-3994.21
-3991.27
-3996.45
-3993.31
 -3990.3
 -3997.2
-4010.05
-4000.29
-3993.22
-4002.12
-4002.12
 -4006.6
-3991.17
-4022.22
-4001.78
-4009.36
-4000.81
-3977.68
-3981.59
-3981.59
-3981.59
-3983.61
-3983.61
-3985.03
-3985.03
-3985.03
-3993.48
 -3989.1
-3988.37
-3984.47
-3980.78
-3984.98
-3984.98
-3979.59
-3997.51
-3998.91
 -3988.5
-3988.72
 -3988.5
-3992.99
-3993.37
   -3995
 -3981.6
-3984.97
-3985.45
-3988.09
-3985.65
-3994.78
-3993.24
-3996.02
-3987.56
-3981.54
-3981.54
-3989.87
-3992.17
-3992.17
-3993.11
-3980.64
-3990.78
 -3984.1
-3982.77
-3988.09
-3983.54
-3986.34
-3973.46
-3983.21
-3984.94
-4000.64
-3988.61
-4002.06
-3984.03
-3988.42
-3977.06
-3978.13
-3985.51
-3981.45
-3979.98
-4000.73
-3984.78
-3971.45
-3971.45
   -3984
-4003.96
-3979.18
-3978.83
-3993.78
 -3989.6
 -4002.3
-4000.79
-3997.81
-3989.37
-3992.46
-3992.46
-3991.25
-3994.47
-3991.72
-3997.51
-3994.08
   -3997
-4008.46
 -4009.5
-4003.33
-4003.38
-4001.31
-3990.95
-3988.24
-3983.74
-3982.08
-3992.38
-3984.39
   -3986
   -3986
   -3986
   -3986
   -3986
-3994.78
-3998.86
-3982.64
-3988.35
-3991.72
-3991.72
-4009.13
-3996.24
-3988.11
 -3986.5
-3993.11
-4000.93
-3988.68
-3991.69
-4013.11
   -3990
   -3990
   -3990
 -3986.5
 -3986.5
-4006.13
-3987.39
-3987.31
-3998.64
-3986.71
 -3993.6
-3989.65
-3989.65
-3989.65
-3995.45
-3984.16
-3981.07
-3987.39
-3982.82
 -3988.6
-3979.27
-3984.11
 -3992.9
-3992.81
-3990.82
-3985.65
-3992.61
-3988.77
-3986.05
-3986.47
-3990.99
-3989.93
-3976.97
 -3976.3
-3978.18
-3983.51
-3983.51
-3983.61
-3986.24
-3985.87
 -3987.1
-3978.19
-3970.24
-3984.67
 -3977.6
-3976.62
-3981.97
-3981.97
-3981.97
-3973.18
   -3985
-3986.08
-3983.63
-3983.17
-3983.63
-3974.09
-3984.43
-3984.43
-3987.37
-3980.66
-3983.99
 -3988.2
-3985.46
-3982.83
-3981.43
-3979.84
-3983.33
-3983.97
-3983.93
-3978.55
-3977.36
-3975.56
-3976.94
-3972.01
 -3970.8
-3977.78
 -3975.1
-4006.51
-3975.53
-4000.21
-4001.37
-3989.57
-3988.18
-3988.18
 -3979.9
-3984.53
-3984.53
-3978.89
-3976.51
-3985.29
-3985.29
-3985.29
-3975.58
-3995.27
 -3981.1
-3983.53
 -3975.5
 -3975.5
-3972.78
-3978.34
-4012.39
-3977.84
-3977.58
-3977.58
-3981.36
-3979.89
-3974.68
-3981.83
-3979.89
-3977.34
-3984.96
-3974.23
-3977.34
 -3979.2
-3979.44
-3978.15
-3975.12
-3975.12
-3985.09
-3982.32
-3985.38
-3977.55
-4000.17
-4005.88
-3998.82
-3987.04
-3987.04
 -3982.3
-3988.55
-3985.16
-3984.23
 -3985.4
-3980.73
-3981.15
-3981.15
-3981.15
 -3984.4
-3977.88
 -3984.4
-3983.08
-3971.98
-3976.39
-3976.39
 -3979.3
-3983.74
-3990.82
-3983.43
 -3985.8
-3990.38
-3983.76
-3998.18
-3988.59
-3998.85
-3998.85
-4000.58
-3998.85
-4000.28
-3989.62
-4001.89
-4001.89
-3994.16
-3997.61
-3990.28
-3972.77
-3988.35
-4007.75
-3994.35
-3994.35
-4002.74
-3984.16
-3987.59
-3985.39
-3989.84
 -3993.1
 -3993.1
-3990.37
-3973.58
-3976.32
-3982.49
-3982.49
-3988.01
-4019.12
 -4016.6
-3997.25
-3997.24
-3987.41
 -3997.8
-3978.12
-3982.16
-3982.16
-3982.16
-3980.73
-3982.26
-3983.18
 -3970.8
-3973.25
-3978.87
-3973.52
-3984.79
-3978.38
-3976.93
-3976.93
-3975.92
-3985.91
-3977.86
-3989.52
-3989.52
-3980.47
-3979.78
-3979.78
 -3982.1
 -3982.1
 -3982.1
 -3982.1
 -3982.1
 -3982.1
 -3982.1
 -3982.1
-3979.36
-3977.21
-3979.11
-3979.11
 -3975.4
-3982.18
-3976.71
-3968.43
 -3973.4
-3971.86
-3969.91
 -3976.7
 -3973.9
 -3976.7
-3977.64
-3988.76
-3988.21
-3987.25
-3997.84
-3988.79
-3985.47
-3975.62
-3975.62
-3981.66
-3984.91
-3982.97
-3980.34
-3982.19
-3990.46
-3988.21
-3986.86
 -3975.4
-3989.86
-3973.97
-3978.21
-3979.02
-3978.14
-3988.32
-3990.07
-3999.67
-3975.54
-3985.16
-3984.56
-3977.52
-3982.03
-3980.02
-3980.02
-3986.05
-4010.38
-3982.55
 -3983.9
-3979.33
-3999.84
-3982.31
-4005.37
-3983.86
-3986.47
-3986.91
 -3997.4
-3976.94
-3997.51
-3998.06
-3998.05
-3991.36
-3985.85
-3997.25
-3991.56
-3989.95
-3987.41
-3970.82
-3974.29
-3974.03
-3990.79
-3990.59
-3989.98
-3998.97
-3981.86
-3979.33
-3987.35
-3979.08
-3980.68
-3988.97
-3983.07
-3986.85
-3983.12
-3978.27
 -3979.6
-3985.15
-3982.91
-3982.52
-3984.62
-3985.75
-3984.62
-3976.78
-3978.34
-3979.72
-3984.56
-3978.14
 -3975.7
-3966.27
-3967.02
-3967.14
-3984.94
-3982.39
-3982.86
 -3984.5
-3982.96
-3990.58
-3989.53
-3977.83
-3981.83
-3984.74
-3980.74
-3986.64
-3989.35
-3989.35
-3994.29
-4000.07
-3986.62
-3982.99
 -3975.2
-3979.01
-3988.85
-3993.85
-3993.85
 -3990.7
 -3990.7
-4004.84
-3994.23
-3990.65
-3996.73
-3996.73
-3993.46
-3997.19
-3998.61
-3990.59
-3991.03
-3987.29
-3994.13
-3994.75
-3996.45
 -3993.8
-3998.15
-3988.15
-3999.98
-4000.69
-3994.48
-3997.31
-3994.17
-3997.61
-3998.68
-3997.56
-4007.07
-4013.46
 -4005.4
-3999.34
 -4001.5
-4004.59
-3993.17
-3998.81
-4010.82
-4001.25
-3996.59
-3996.59
-3993.89
-3996.39
-3991.01
-3989.18
-3989.76
-3994.92
-3994.92
-3990.23
-3991.22
-3995.02
-3987.65
-3993.05
-3994.29
-3995.62
-3992.31
 -3990.4
-3990.93
-3997.99
 -4006.3
-4006.06
-4002.25
-4002.25
-4000.39
-3987.44
-3997.04
-4000.57
-3998.98
-3998.98
-3998.98
-3998.98
-4003.12
-4002.12
-4002.12
-3996.45
-4006.18
-4003.12
-4002.12
-4002.12
-3990.99
-3990.99
-3990.99
-3990.99
-3991.49
-4002.12
-4002.12
-3995.33
-3990.99
 -4000.8
 -4000.8
-3990.99
-3990.99
-3990.99
-3988.64
-3995.52
-4027.34
-3998.67
-3990.17
 -4006.8
-4004.19
-3994.66
-3994.66
-4005.25
-3998.15
-3998.15
-3998.15
-3991.47
-3992.16
-3992.16
-3992.16
-3992.16
-3972.34
-4002.46
-3997.31
-4015.27
-3992.16
-4002.95
-3999.39
-3994.32
-3995.43
-4002.47
-4003.18
-3995.43
-3995.43
-3995.82
-3983.63
-3984.27
-3987.61
 -3981.7
-3980.71
-4005.97
-3997.33
 -3974.4
-3989.84
 -3991.8
-3982.23
-3988.07
-3988.07
-3997.74
-3987.62
-3993.23
-4005.25
-3976.55
-4000.27
-4007.84
-4017.66
-4003.04
-4008.72
 -4008.8
-3995.18
-3999.04
-3995.18
-3971.71
-3995.18
-3970.28
-4002.85
-3995.18
-3987.93
-3980.39
-3989.57
-4002.64
-3985.66
-3988.91
-3988.91
-3983.73
-3973.21
-3995.47
 -3995.4
-4004.43
-3990.25
-3990.25
-3990.25
-3998.04
-4006.81
-4010.66
-4009.18
-4009.18
-4009.18
-4033.37
-4033.37
-4012.51
-4017.24
-4013.07
-4013.26
-4013.26
-4028.25
-4035.68
-4004.49
-4012.84
-3995.06
-3994.17
-3999.63
-4007.27
-3996.49
-3994.24
-3994.24
-3988.44
-3964.96
-3988.44
-3988.44
   -4002
   -4002
-3995.91
-3990.79
 -4000.2
-3997.68
-4010.53
-4010.53
-3993.67
-3996.11
-4003.03
-3999.85
-4003.03
-4012.08
-4008.33
 -4015.8
-4016.23
-4022.54
-4024.92
-4024.92
-4000.24
-4017.51
-4017.51
-4013.82
-4004.35
-3995.85
-4008.17
   -3982
-3995.85
-4007.03
-3995.85
-3997.65
-3995.85
-3998.23
 -3998.1
 -4024.8
-4011.19
-4005.11
-4013.32
-4010.55
-4005.41
-4012.03
-3999.56
-3997.08
 -3998.8
-4015.21
-4007.91
-4015.22
-4003.78
-4008.78
-4008.78
-4008.55
-4008.78
-4008.78
-4008.78
 -3999.8
 -3999.8
-3997.09
-4000.67
 -4001.4
 -4001.4
 -4001.4
-4002.91
-4002.91
-4002.91
-4002.91
-4004.84
-4007.01
-4011.97
-4003.73
-3997.46
-3997.46
-3997.46
 -4004.1
 -4004.1
 -4004.1
 -4004.1
-4014.72
-4013.98
-4010.56
-4002.82
-4011.89
-4011.89
-4005.89
-4000.42
-4008.77
-4000.57
-3983.92
-3996.19
-4000.45
-3991.65
-3990.56
-3996.51
-3989.36
-3993.85
 -3993.8
-3985.46
-3985.46
 -4005.4
-4008.24
 -4005.4
 -4011.6
-3997.58
-3991.67
-3993.71
-3993.71
-3993.71
-3993.71
-3993.71
-3991.29
-3993.71
-3996.95
-3994.38
-4002.32
-4004.61
-4004.61
-3997.48
-3997.56
-3989.32
-4008.15
-4011.23
-3997.56
-3982.57
-3999.22
-4003.56
 -4008.2
-4013.72
-4001.27
-3988.77
-3991.06
-4000.72
-3992.98
-4001.58
-3992.98
-3992.98
-3992.98
-3997.85
 -3979.1
-3997.85
-3992.66
-3992.66
-3999.66
-3999.66
-3985.35
-4003.11
-4006.66
-3992.33
-3996.13
-4005.82
-4006.56
-4006.56
-4020.47
-3991.94
-3999.98
   -4001
   -4001
-4000.32
-4001.57
-4000.32
 -4005.1
-3997.98
-4001.98
-4006.94
 -4005.5
-4001.75
-4002.98
-4013.44
-4007.11
 -3997.2
-4000.95
-4000.95
-4000.95
-4000.95
-4000.95
-3995.22
-3992.29
-3991.37
-3991.37
-3991.37
-3991.37
-3991.37
-3991.37
-3991.13
-3991.37
-3999.18
-3984.03
-3991.37
-3991.37
-3982.55
-3991.37
-3991.37
 -4006.7
 -4006.7
-4009.17
-3997.84
-3998.82
-3996.46
-4001.65
-3995.58
-3991.58
-3992.75
-4005.49
-3996.83
-3998.35
 -3991.4
 -3991.4
-3990.28
-3989.34
-3989.73
-3991.97
-3996.94
-3998.63
   -3997
-3992.75
-3992.91
-3994.21
-3993.48
-3992.36
-3977.39
-4000.39
-3986.09
-3997.96
-4002.04
-3991.29
-4002.98
-4002.63
-3990.28
-3990.28
-3990.28
-4004.08
-3996.45
-3999.83
-3999.83
-3995.11
-3977.85
-4019.61
 -3983.3
-4013.99
-3996.47
-3998.59
-4000.97
-4001.05
-3982.05
-3988.42
-3983.68
-3992.59
-3979.42
-3983.97
-3986.17
-3986.17
-3986.92
-3986.17
-3978.76
-3983.69
-3986.92
-3990.23
-3989.07
-3990.99
-3978.44
-3991.09
-3976.51
-3976.51
-3975.13
-3980.08
-3980.08
-3975.53
-3980.08
-3980.08
-3984.97
-3969.71
-3980.08
-3984.88
-3981.79
 -3982.5
-3979.22
   -3973
-3975.94
 -3982.5
-3971.89
-3972.86
-3978.63
-3980.21
-3978.76
-3980.21
-3978.76
-3984.79
-3985.74
-3984.55
-3989.82
-3983.19
-3988.12
-3988.12
-3989.58
-3990.57
-3990.14
-3983.46
 -3992.4
-3991.96
 -3988.7
-3980.37
-4004.38
-3996.51
-3993.78
-3984.27
-3994.16
-3988.46
-4003.64
-3993.45
 -3993.5
 -3993.5
 -3998.5
 -3998.5
 -3998.5
-3978.76
-3988.62
-3994.39
-3997.71
-3992.17
-3992.17
-3983.71
-3990.24
-3986.18
-3998.17
-4001.59
-3998.17
 -4005.9
-3985.13
-3979.74
-3979.74
-4000.62
-4006.75
-4006.75
-3991.93
-3991.93
-3991.71
-3991.71
-3991.71
-3990.98
-3997.92
-3992.78
-3980.99
-3984.59
-3985.98
 -3997.3
 -3997.3
-3991.51
-3990.05
-3990.05
-4000.21
-3998.58
-4000.06
-4004.19
-4004.65
-3992.95
-3994.66
-3995.94
-3991.59
-4009.17
-4002.07
-4005.25
-3992.68
-3993.77
-4003.61
-3992.01
-3999.84
-4009.49
-4016.92
-4017.91
-4004.98
-4004.98
-4004.98
-4001.53
-3990.53
-3991.99
-4000.51
-3993.82
-3992.13
-4000.73
-3996.11
 -3997.1
-3999.99
-3999.99
-3982.69
-3987.33
-3996.25
-3982.41
-3982.41
-3978.11
 -3991.1
-3993.29
-3993.92
 -3995.4
 -3995.4
 -3995.4
-3997.89
 -3995.4
-3990.74
 -3995.4
-3996.34
-3996.34
-3988.76
-3977.37
-3997.41
-3993.53
-3987.14
-3990.59
-3983.13
 -3995.3
 -3995.3
-3991.64
-4003.19
-4000.87
-3994.08
-4002.57
-4014.94
-3996.91
-3999.96
-3999.96
-3985.97
 -3987.4
-3999.22
-3993.13
-3993.13
-3986.06
-3986.84
-3991.71
-3990.24
-3981.58
-3995.07
-3995.07
-3997.34
-4011.61
-4014.22
-4014.22
-3993.71
-4014.22
-3996.12
-3992.92
-3999.29
-4013.05
-3994.99
-3989.59
-4006.14
-4008.04
-4008.04
 -4012.2
-3999.07
-3997.56
-3987.31
-3991.67
-4010.15
-3987.96
-3987.96
-3988.71
-3988.71
-3988.71
-3970.21
 -3972.4
-3997.85
-3997.85
-3988.71
-3988.71
 -3981.3
-3988.71
-3992.65
 -3999.2
 -3999.2
-3986.96
-3988.82
-3987.53
-3983.69
-3983.69
-3990.05
-3981.95
-3988.52
-3993.88
-3993.88
-3993.88
 -3983.8
-3971.91
-3975.78
-3987.55
-3987.55
-3978.19
-3985.97
-3985.97
-3985.97
-3985.97
-3987.39
-3995.03
-3983.92
 -3988.6
   -3995
-3988.58
-3992.36
-3988.33
-3992.37
-3990.91
-3989.68
-3989.68
-3989.68
-3991.63
-3995.83
-3992.15
-3992.15
-3992.15
-3992.15
-3992.15
 -3999.6
 -3999.6
 -3999.6
 -3988.4
 -3988.4
 -3988.4
-3992.24
 -3988.4
-4001.52
-3982.67
-3998.26
 -3993.8
-3979.63
 -3993.8
 -4015.4
-3987.29
-3987.29
-4004.12
-3992.28
-3985.37
-3996.15
-3999.17
-3988.94
-3985.73
-3985.55
-3985.73
-3985.14
-3991.12
-3991.12
-3991.12