       0.234        0.234        0.234        0.234        0.234        0.234        0.234        0.234        0.234        0.234        0.234
3.68946e-115  3.72706e-94 4.22878e-127  7.33939e-26   0.00176538  3.91306e-05  4.13519e-07     0.915609      0.99992     0.999848            1
 3.19588e-81 1.14543e-120  2.83843e-44  2.76526e-07  1.06379e-05  1.95054e-05  7.71016e-19     0.821249            1     0.999974     0.977634
 3.51119e-12  4.86182e-37   6.4504e-21  3.33221e-14  2.05826e-11  5.67694e-16  2.55262e-19            1     0.999998            1            1
    0.208996  4.25506e-18  1.32659e-24  1.33938e-21  7.04638e-18  6.19792e-24  1.28602e-26     0.748112            1            1     0.998434
    0.611473  1.42178e-06  0.000623809  6.85724e-18  2.93609e-19  8.27844e-56  2.88742e-49     0.016842     0.999998     0.999998            1
  0.00187853     0.859166    0.0163728  0.000142183  7.40546e-47  8.51634e-66  5.55598e-33     0.482066            1            1            1
  0.00160456   0.00868275  0.000345051  2.40142e-28  9.58849e-61  1.96519e-89  1.66269e-58     0.376386            1            1     0.988981
 0.000138292    0.0240403  0.000231024  1.78008e-30  4.35229e-73 1.24065e-114 1.43866e-140  2.31746e-29            1            1     0.984442
    0.166294  5.83864e-05  8.01384e-05  6.92872e-31  9.02965e-80 4.07256e-143 4.54378e-155    0.0739629            1            1            1
           1  3.27258e-07  3.23505e-05  8.71135e-32  2.10693e-79  5.3934e-179  6.25387e-82   0.00119219            1            1     0.993204
   0.0093269   0.00163531  0.000274861  8.04505e-10  0.000225344  3.77298e-69  5.40692e-94   6.7403e-08            1            1            1
    0.908576   0.00975992   0.00125079  1.46495e-06  4.14874e-05  1.66698e-11 3.86543e-122  8.26907e-06            1            1     0.998656
  0.00104759     0.535028   0.00288442            1  9.50611e-17     0.818785  4.91207e-84  4.61654e-14            1            1     0.998921
 5.18353e-06     0.022156            1  1.11557e-09   4.2802e-12     0.610054 3.54896e-127  2.59391e-24            1            1     0.999677
  0.00420588   0.00448324            1  9.14439e-07  4.84438e-07  4.07516e-11 9.45092e-203  4.06416e-24            1            1     0.999459
   0.0181388   0.00128814            1  1.21731e-06  1.90954e-05  1.01653e-12 4.56661e-138  3.43996e-55            1            1     0.970696
   0.0104507   0.00701809     0.904059  6.56089e-05   0.00336849  6.27976e-18 2.10842e-159  6.32487e-40     0.999999            1     0.998036
    0.125126    0.0088465     0.153454   0.00099394     0.107394  8.38925e-22 2.31907e-166    4.236e-66            1            1            1
   0.0639375            1   0.00271898   0.00193458     0.463941  2.54542e-22 1.24345e-207    7.758e-72            1            1            1
    0.015244            1            1   0.00774819    0.0753885  1.52116e-14 2.89176e-273 9.97703e-132            1            1            1
    0.292048    0.0297362     0.738764     0.027848    0.0988259  6.35364e-09 7.12823e-136  1.1845e-117     0.999999            1     0.997701
   0.0216554     0.246749     0.415693     0.499616  1.64391e-18  0.000950851  2.86406e-69            0            1            1     0.997441
  0.00221134     0.133974     0.124379     0.266456  2.01082e-11     0.146334   1.2271e-06 2.61273e-165     0.999904            1            1
  0.00161197            1     0.155325            1  3.07495e-05    0.0188994  4.86738e-25 3.25273e-132     0.999998            1            1
   0.0770393    0.0591889     0.228463     0.136539     0.509774  0.000486372  4.01884e-72 3.58424e-277            1            1     0.998436
    0.460127    0.0151819    0.0621614     0.273732      0.54905   1.4249e-05   2.1901e-58            0     0.999988            1            1
   0.0177295    0.0886182   0.00209145     0.631467            1  0.000146485  5.35651e-45 4.70735e-145     0.999998            1            1
  0.00167538   0.00162846   0.00137249      0.01555     0.033412   0.00115341  1.57807e-59            0     0.999995            1            1
   0.0982914  0.000200897  2.80699e-06            1    0.0416064   0.00250781  1.73019e-46            0      0.99998            1            1
           1  5.53418e-07    0.0314824  0.000703361     0.529279    0.0896907  5.74139e-44            0      0.99997            1            1
           1            1   0.00275251    0.0600928    0.0444924  0.000336853  4.62407e-26            0            1            1     0.997147
   0.0153625            1     0.038102    0.0510585  7.16921e-05   0.00715177  1.90493e-20            0     0.999953            1            1
  0.00301753            1     0.248038     0.309937  8.54611e-06            1   1.6514e-39            0     0.999931            1            1
           1    0.0292819   0.00245816    0.0469987    0.0106639     0.818233  6.49003e-28            0            1            1            1
   0.0367757            1    0.0993216            1            1   0.00196927  3.41451e-26            0            1            1            1
   0.0519286            1     0.368133    0.0131032            1   0.00285598  2.74186e-24            0      0.99998            1            1
    0.204331   0.00372409            1     0.098864    0.0420681            1  8.45523e-52            0            1            1            1
    0.837508    0.0556794  4.60383e-05  0.000408176   0.00223894    0.0614052  1.58912e-54            0     0.984802            1            1
    0.258031  4.04771e-05      0.23627  0.000939212      0.20833            1  5.60608e-74            0            1            1            1
   0.0714997     0.118402    0.0820419    0.0207277    0.0390301      0.57835  8.67351e-63            0       0.9999            1     0.996154
    0.157657  0.000693362     0.916577    0.0317212     0.222295            1  1.54444e-58            0            1            1            1
   0.0329518     0.435864     0.427352    0.0133608            1     0.396447  1.97251e-47            0            1            1            1
    0.235056     0.876259    0.0787773    0.0430614            1            1  5.32756e-39            0            1            1            1
    0.350142     0.122662            1    0.0425105            1            1  2.35159e-26            0     0.999974            1            1
           1            1     0.195281    0.0366167     0.461212            1  1.16427e-16            0            1            1     0.957091
    0.623514     0.407701    0.0475344            1     0.581314     0.331134   8.8031e-11            0     0.956387            1            1
   0.0194522     0.456061    0.0524174    0.0191512            1     0.954274  4.76848e-07            0            1            1     0.999634
   0.0563643     0.855302    0.0605433            1     0.376814      0.56878  0.000165623            0     0.999249            1            1
   0.0169113       0.6081            1    0.0655237            1     0.150745   0.00680671            0            1            1     0.999355
   0.0325266     0.837823     0.754761    0.0104323     0.255621     0.130756    0.0357877            0      0.99939            1     0.998805
           1     0.016922     0.451788    0.0408682    0.0217184     0.328987    0.0810831            0            1            1     0.992407
   0.0714313     0.030562     0.661419     0.333164     0.405891            1     0.143459            0            1            1     0.999064
   0.0287038    0.0574061            1            1      0.18988  8.32949e-19            1 4.01741e-289            1            1            1
   0.0732999   0.00658152   0.00446403     0.601998     0.793687  3.77134e-18     0.299485            0     0.998595            1     0.996405
   0.0564175     0.178041    0.0925702   0.00698243     0.251985  9.38043e-07            1            0     0.998066            1     0.994369
   0.0161528     0.611592    0.0141645    0.0496153    0.0508791     0.544717            1            0     0.998376            1            1
  0.00196276  0.000107949     0.167431     0.001234     0.134507     0.505444            1            0            1            1            1
  0.00133284            1     0.350794    0.0198952     0.517944     0.620543     0.900285            0     0.998991            1     0.997469
    0.240299    0.0313555  1.52534e-06     0.188514     0.214586     0.158039     0.926176            0     0.993752            1            1
    0.228708   0.00209533     0.468751     0.236407     0.731585    0.0428387     0.888497            0            1            1     0.994521
           1    0.0873871    0.0769851    0.0192149     0.269465  0.000264278            1            0     0.996336            1      0.99705
  0.00345298     0.632604            1     0.045359   0.00460138      0.75565     0.749045            0            1            1     0.998589
   0.0635148  0.000113398   0.00643967   0.00140824      0.87279            1            1            0     0.447115            1     0.998435
   0.0175685     0.158526     0.850066            1    0.0806544  0.000528904            1            0     0.588747            1            1
           1    0.0261767     0.643862     0.167698     0.237485    0.0061165            1            0            1            1            1
    0.989662     0.139722     0.026385     0.070528   5.1031e-05            1     0.213526  1.81777e-97            1            1     0.997623
    0.457891   0.00568062    0.0124762            1            1     0.148604    0.0469083 5.95937e-276     0.987912            1      0.99759
    0.484757     0.044471    0.0475662      0.38504     0.795689     0.023813     0.673418  5.04028e-93            1            1     0.999926
  0.00245706    0.0497366  0.000595405    0.0816303            1     0.033786            1            0            1            1            1
    0.180089  0.000554818   0.00676251     0.106323  0.000268235     0.221364     0.362294 6.89225e-147     0.974217            1     0.992862
  0.00960043     0.727511     0.327115   0.00196315   0.00610997     0.168339            1            0     0.907815            1            1
  0.00876756     0.102392      0.69921   0.00143434    0.0281466     0.308815    0.0612312 8.76462e-294            1            1     0.998643
     0.24479   0.00348364            1     0.278224   0.00520499     0.259587    0.0421574  3.62479e-68     0.941059            1     0.999748
    0.184093    0.0320394      0.28582  0.000668238    0.0463026            1            1            0     0.979756            1            1
    0.418868    0.0104868     0.186314     0.741276     0.271045   0.00037725     0.844848 1.79612e-199     0.989492            1            1
    0.325691     0.300591    0.0303964            1   0.00372759    0.0356315     0.910093  9.79193e-65     0.895877            1     0.998595
    0.109485     0.087276     0.153839   0.00631276     0.116993            1            1 2.94395e-167            1            1      0.99612
   0.0535298     0.929029    0.0127918            1  7.66394e-06     0.221824    0.0117369 4.58108e-102      0.89528            1            1
   0.0353565    0.0211721   0.00277649     0.014237  0.000986315            1    0.0170656 5.90137e-100            1            1     0.998434
   0.0178545     0.140316    0.0508915      0.11153  0.000661373     0.387345     0.969183  9.85502e-65  0.000725775            1     0.799737
   0.0363115   0.00187884     0.390462     0.968813            1  0.000957681            1 2.49864e-151      0.91857            1     0.993814
   0.0229163    0.0657072   0.00129567   1.7537e-07     0.071126     0.806181    0.0193609  6.99799e-85     0.950895            1            1
           1     0.180132     0.140241    0.0120773    0.0218968            1    0.0729153  1.03195e-99     0.713756            1            1
    0.220267   4.3914e-09  7.95582e-06   0.00408149    0.0193571    0.0219707     0.139389  1.62995e-92            1            1            1
   0.0284373    0.0170969     0.301027      0.11203            1  0.000363361    0.0543376 4.75794e-130            1            1     0.998437
    0.217141    0.0340504    0.0018249    0.0587744    0.0915026  0.000259811    0.0167363 1.12444e-203            1            1            1
   0.0125947            1    0.0974757   0.00015166     0.109938      0.24894   0.00992425 1.67765e-109            1            1            1
           1     0.141888  0.000262012            1  3.94247e-05            1     0.152753 5.18161e-143     0.896208            1            1
   0.0162383     0.463035   0.00447358     0.299515   0.00297515     0.395225  0.000935881  2.69965e-42     0.686892            1            1
    0.148077   0.00516332     0.268182    0.0865828     0.111739     0.662625     0.060027 5.04911e-226     0.875604            1     0.999233
    0.223204  0.000429815    0.0178472            1   0.00646561      0.17931   0.00216299 1.17889e-103            1            1            1
    0.393737   0.00014739     0.967575     0.218125    0.0217605  0.000934432   0.00236169 1.52203e-112            1            1     0.996625
   0.0255185    0.0533605     0.644673    0.0408452    0.0260302    0.0250809     0.165037 3.39697e-198     0.470168            1            1
   0.0237235     0.012888     0.260557  0.000125273     0.501126     0.130045            1 7.16618e-161            1            1      0.99897
    0.338394   0.00011798     0.106118  2.95893e-05     0.575813   0.00242635     0.124204 1.74169e-118     0.830527            1            1
           1  0.000297945   0.00918319   0.00251372     0.242221            1   0.00202464 9.36366e-119     0.973562            1            1
  0.00734652     0.698328  3.18029e-07  1.60525e-06   0.00201421    0.0319522    0.0655496  2.91425e-93     0.989997            1            1
 0.000247439     0.505001  5.52286e-08  9.24724e-07    0.0337049    0.0126548   0.00178726 4.19721e-163     0.571738            1            1
    0.385656     0.263041  2.55862e-08  3.30862e-05     0.135495    0.0123562            1  1.33257e-68            1            1     0.999277
   0.0419989     0.876403     0.566325  6.78282e-05    0.0209622      0.12948  0.000505797  4.70805e-81            1            1            1
   0.0307838   0.00748591    0.0603082    0.0667438    0.0156367   0.00610343     0.081612 3.57402e-152            1            1            1
     0.84164    0.0499868  0.000917141     0.127415    0.0494131   0.00431324   0.00412762 5.01718e-116     0.690909            1            1
  0.00193908  1.26504e-05            1     0.109479            1     0.413216     0.093967  1.2914e-106     0.759017            1            1
  0.00464667     0.196066    0.0359302   0.00196135    0.0425116   0.00869023    0.0544194  3.78538e-35            1            1     0.996429
  0.00427615            1   9.6599e-05     0.122661     0.463297    0.0371039     0.283273   1.8449e-75            1            1            1
           1   0.00239588     0.743711    0.0422738   0.00118754            1    0.0545499  1.81765e-42     0.382352            1     0.993649
    0.388175  4.18997e-06  6.70483e-06    0.0896737   0.00707475            1     0.057755  1.88269e-39    0.0567761            1            1
    0.203113     0.380115  0.000849606  0.000620382    0.0934419  8.32028e-07     0.129901  2.35277e-28     0.597867            1            1
    0.736003     0.233374     0.161308   0.00398292     0.588012   0.00479612    0.0901923  4.14355e-40     0.179114            1     0.998389
    0.359466   0.00374638     0.011589      0.21167     0.465285     0.134997    0.0107879   5.1023e-29    0.0174083            1            1
           1     0.644447     0.138867       0.1252    0.0884333    0.0425243    0.0382918  1.92094e-66     0.590508            1     0.997448
   0.0185984            1     0.931082            1     0.390507    0.0661716     0.120069  1.13834e-32     0.235919            1            1
    0.024289            1            1     0.234468     0.501257  0.000172677      0.02424  2.16879e-53            1            1            1
           1     0.639663    0.0824998    0.0164436    0.0186888     0.085905    0.0778986  1.36456e-51     0.473608            1            1
   0.0526996            1      0.29069     0.468565  3.26883e-05    0.0324543     0.183393  1.36134e-17  0.000791434            1            1
           1     0.155044     0.067452            1     0.143977    0.0251786    0.0287744  3.46508e-47  1.39334e-05            1            1
   0.0667988     0.332313     0.235509      0.10207   0.00717116     0.106525     0.018299  6.61458e-56            1            1     0.999584
   0.0205154     0.938104   0.00436616            1            1     0.194753     0.273275  1.36235e-33  8.52703e-06            1     0.997343
    0.182261     0.213815     0.219219     0.594211  0.000447398            1    0.0250457  3.40628e-18    0.0210316            1            1
   0.0228856     0.129837     0.249906     0.327525     0.389053    0.0054543      0.18815  2.96241e-26  2.58716e-05            1            1
    0.333374    0.0270576            1            1  3.31251e-05            1    0.0254508  7.20971e-28  1.67097e-07            1            1
    0.125345    0.0154296     0.316839     0.344196    0.0287486            1   0.00545272  9.21357e-33  5.35781e-12            1            1
   0.0402363    0.0317436     0.228101            1    0.0288239            1     0.139339  1.42854e-29   0.00016268            1     0.997442
    0.109265     0.102138    0.0979781            1    0.0122041    0.0609139     0.156765  1.47374e-34   2.6071e-16            1     0.999552
   0.0144558     0.340725     0.479289     0.359225     0.171461            1      0.01864  1.37975e-27  4.35774e-14            1     0.997969
  0.00603863            1     0.311848     0.140138            1   0.00499615     0.255009  8.78134e-18   1.3779e-12            1            1
   0.0112366     0.164561            1    0.0125958            1    0.0324755    0.0125391  1.21626e-22  2.49638e-07            1     0.995352
   0.0699191    0.0467129     0.167448     0.423675     0.209131     0.014021     0.014909   3.4513e-14  2.64724e-14            1            1
   0.0406755            1            1     0.272932     0.066226            1    0.0694323  1.27872e-19  6.44109e-10            1     0.978067
    0.409426     0.106026     0.403229     0.803268     0.105118   0.00718028    0.0166703  9.25954e-11  1.59036e-13            1     0.999214
           1    0.0114339   0.00351508       0.4726            1    0.0657504    0.0172841  1.94624e-14  1.04773e-14            1            1
 2.94552e-05     0.614307     0.134512    0.0225009            1     0.325586   0.00430573  1.44567e-11  6.18436e-11            1            1
  0.00814836     0.204901            1   0.00279468            1            1     0.161439  7.38605e-11  0.000141353            1            1
  0.00265738     0.100981     0.524905            1    0.0115299     0.741025     0.176324  2.16097e-11  5.15154e-06            1            1
   0.0139119      0.10136            1    0.0720206     0.061489    0.0100037     0.275009  4.77834e-13  2.74887e-17            1            1
  0.00197238     0.015054      0.54327    0.0151547     0.007005    0.0354432     0.299729  8.82751e-09  3.51792e-21            1            1
   0.0120377   0.00956709     0.116036    0.0137495     0.454179    0.0114009      0.49165  4.05692e-07  1.35598e-19            1            1
    0.389598   0.00090536            1    0.0179206  0.000327941            1            1  2.06424e-08  3.09031e-17            1            1
    0.034139     0.571547     0.459038     0.111343     0.628241      0.22428   0.00638409  1.97743e-05   3.4466e-08            1            1
    0.099341            1     0.794919     0.320302    0.0114056    0.0108443     0.151187  0.000181001  2.53059e-42            1            1
    0.658957   0.00622836    0.0164602            1      0.21692    0.0927272            1     0.001522  4.33947e-14            1     0.999072
    0.291181   3.0805e-06     0.022065            1      0.17209     0.162586     0.121039  0.000713962  2.24561e-41            1            1
    0.614562  0.000338623            1    0.0441953     0.530037    0.0532994      0.32194  0.000206199  2.14646e-34            1            1
           1   0.00118509       0.3369            1     0.327818            1     0.420006   0.00325039  3.26143e-45            1            1
   0.0355428   0.00625945     0.110319    0.0131509            1    0.0791548      0.02146    0.0722061  1.02542e-20            1            1
   0.0205626   0.00496829            1      0.46304  7.81188e-05            1    0.0837249   0.00490888  0.000112065            1     0.999633
   0.0356711    0.0256172   0.00170346     0.931159  1.28295e-06     0.178806    0.0205709     0.634416  9.99053e-68            1            1
   0.0206423     0.226873     0.163664   0.00479169    0.0785042    0.0699157     0.348552     0.335985  7.98067e-24            1     0.996085
           1   0.00580131   0.00142877    0.0198771            1     0.216796    0.0192514     0.965653 1.24145e-107            1     0.994325
           1    0.0730011     0.787157  0.000243104            1    0.0467225     0.457669     0.461972  1.06596e-49            1            1
           1            1    0.0175506     0.106638    0.0293861      0.99732     0.026342    0.0136655  1.51564e-46            1     0.995559
  0.00548889     0.669332     0.007082     0.161117     0.194555    0.0649814   0.00908553     0.222245  3.81229e-22            1     0.997119
           1     0.127324     0.178524            1     0.636835    0.0307123     0.954848      0.18175  7.35224e-12            1            1
   0.0310399     0.124715    0.0767084    0.0476094     0.113185    0.0816262            1      0.28149   8.6364e-13            1            1
    0.774922     0.135776     0.134736    0.0116448    0.0232924      0.77048    0.0220918    0.0140642  5.92809e-37            1            1
 0.000971184        0.316    0.0392184  0.000408218  0.000355689            1  0.000212415    0.0825751  1.80717e-10            1            1
    0.117982     0.890805    0.0778614  8.67218e-06            1    0.0531895            1     0.534372  1.66003e-20            1            1
  0.00390573    0.0045331     0.021037    0.0117651     0.172622     0.162401            1     0.255846  1.04842e-28            1      0.99953
    0.159645    0.0112182   0.00166229    0.0103536     0.949346    0.0633537     0.880756     0.389266  3.53455e-17            1     0.761976
   0.0646015     0.468027     0.170861  0.000155417    0.0319087     0.225357    0.0143701   0.00062619  3.93227e-06            1            1
   0.0150445    0.0612914    0.0966629   0.00730922            1     0.848262      0.40597   0.00202854   0.00031801            1            1
   0.0128173     0.187927  9.98934e-05            1   0.00418918     0.569137    0.0171189    0.0199427  4.67396e-12            1     0.999935
   0.0231345     0.110753     0.047002    0.0486597  0.000501692     0.123282            1     0.140914  2.01626e-09            1     0.997847
  0.00120208     0.162893     0.358925            1    0.0182864    0.0470636    0.0950597     0.241703  3.94938e-09            1            1
   0.0761411            1    0.0160313   0.00668877    0.0196229            1            1     0.251375  1.30357e-07            1            1
   0.0122061      0.49562            1     0.214732      0.01228    0.0618689     0.261764     0.373792  8.44357e-25            1            1
  0.00960399   0.00188552     0.324287            1     0.369019   0.00653784    0.0396071     0.985834  4.02477e-18            1            1
   0.0350897    0.0327434   0.00227295     0.729116     0.568622     0.106806     0.140483    0.0110349   1.8845e-25            1     0.997203
  0.00829177     0.241489     0.533618  2.92955e-10    0.0442441     0.962018     0.082323     0.110889  1.52818e-11            1     0.999855
    0.032128    0.0100074   0.00487257    0.0309626    0.0193825    0.0452455     0.391423    0.0398099   7.7203e-58            1     0.994866
  0.00312746    0.0822946     0.160025   3.1732e-12     0.321788     0.246848     0.460851  0.000508053  8.05599e-12            1     0.996778
  0.00238816      0.13283            1   0.00187577   0.00840686            1      0.10552            1  1.91888e-20            1     0.999366
 2.54825e-05            1     0.002539            1    0.0571176            1      0.28285   0.00186747  4.54626e-10            1      0.99871
 3.59966e-05    0.0717888    0.0758305  1.46493e-05     0.558181     0.173826     0.305175    0.0837799  6.01044e-17            1     0.995627
 3.92769e-05    0.0505357     0.222781    0.0293403    0.0115836     0.618785    0.0469305     0.377474  4.29771e-09            1            1
  0.00422803   0.00133384     0.293771    0.0031485     0.706601    0.0545164    0.0385555            1  4.59043e-18            1            1
 0.000288123   0.00074264            1  3.43905e-06     0.843416   0.00227989    0.0478691     0.867683  3.45379e-16            1            1
  0.00571201   0.00363722    0.0290144   0.00864665    0.0023567     0.313834     0.146744   0.00485611  5.35166e-36            1            1
  0.00392644   0.00274149      0.15998  3.70508e-06     0.136488    0.0242113            1   0.00532093  9.72628e-05            1            1
    0.019981  0.000246375     0.846558   0.00501927  1.02305e-08    0.0961817    0.0960772   0.00228921  1.38536e-10            1     0.998918
   0.0254399  0.000112032            1    0.0958193  0.000985174            1     0.287318     0.463136  1.31903e-21            1            1
   0.0472144    0.0513986   0.00155214    0.0232822  0.000691572     0.297608    0.0222601     0.118864  6.73901e-14            1     0.999492
   0.0421999      0.29362   0.00242221      0.12189            1  0.000146974     0.597941     0.324628  2.11704e-84            1            1
     0.76134   0.00377773     0.141988    0.0414752   0.00779182            1     0.155221     0.126262  4.94876e-11            1     0.963034
    0.705784   0.00513572    0.0195029  0.000206431   0.00102908   0.00516342     0.434385     0.182128    0.0729351            1     0.998662
    0.077191    0.0355084  0.000675267  0.000549036     0.253964    0.0972904    0.0606971            1  6.86425e-09            1     0.998948
    0.131067   0.00624074     0.225431   3.9127e-05   0.00241672    0.0713606   0.00575035            1   0.00285887            1            1
    0.375846     0.201641   0.00391231  0.000745719     0.778525   0.00129788    0.0203956      0.14764  2.70192e-06            1      0.99686
           1    0.0104045  8.96662e-06    0.0244189    0.0952353   0.00829779       0.1322     0.548899  1.85284e-12            1            1
   0.0653837     0.010504  8.20573e-06  0.000407538    0.0293223    0.0164596            1  0.000559794  4.29608e-07            1            1
   0.0216849    0.0231494  0.000885353  2.04084e-06  0.000839862    0.0348354            1   0.00367173  3.30273e-07            1     0.996898
   0.0118214            1  8.51847e-05  6.11597e-07     0.131149    0.0379417     0.155919     0.256888  6.57008e-08            1     0.999691
           1    0.0114229   0.00806204   0.00754212    0.0389709     0.123965  0.000131757     0.981486  0.000794563            1     0.993121
           1            1  7.70513e-07     0.157986    0.0136822     0.148938     0.233132     0.551154  1.01789e-09            1     0.999728
           1     0.657428  4.56606e-06    0.0141135    0.0693492     0.192138   0.00547748   0.00372415  7.59011e-09            1     0.997091
    0.269538     0.632793   2.3817e-06     0.625976  1.99123e-05    0.0737032     0.777182  0.000198842  6.63881e-34            1            1
           1      0.11372  2.40694e-06   0.00227415            1   0.00153335            1  0.000115113  3.09527e-55            1     0.969146
           1     0.324622  1.78083e-06            1   0.00603825     0.110529     0.908322  0.000255979     0.904939            1            1
  0.00769157     0.841152  4.92833e-05     0.118465    0.0891783     0.011339  6.76035e-07    0.0219105  2.93184e-13            1     0.934492
   0.0416106    0.0840401  0.000204314  0.000464055     0.350105   0.00027172    0.0989685    0.0296229  0.000203517            1     0.996938
   0.0411799     0.487342   0.00100922    0.0050917     0.170881  5.90491e-05     0.957958    0.0275981  5.09249e-06            1            1
    0.210406     0.163491   0.00912152  9.12083e-08            1    0.0154207    0.0113267    0.0123652  7.93651e-07            1            1
   0.0403263     0.387085  0.000247833    0.0869751    0.0294952    0.0399332     0.117454    0.0314294  2.00269e-05            1            1
    0.119066    0.0430526   0.00617424  0.000863771    0.0154488     0.154645    0.0135152   0.00213155  0.000422552            1            1
    0.145827   0.00276551            1  9.76061e-06    0.0100014    0.0118244   0.00828957     0.904195  3.01039e-12            1     0.999879
    0.174022    0.0192338     0.728593  3.54943e-06  4.83185e-08            1   0.00265338     0.801094  2.88862e-06            1            1
    0.163652   0.00477286      0.43044   1.5852e-06  0.000657683    0.0328495    0.0375062    0.0206919     0.108494            1            1
   0.0130105     0.375838            1   0.00500358     0.163112     0.387724   0.00203108     0.041289  2.71601e-55            1     0.973764
   0.0289506      0.98178     0.543159  1.26485e-12    0.0381795     0.197538    0.0411677    0.0556468  2.25422e-09            1            1
    0.495661            1     0.134891  0.000918409    0.0112612            1   0.00908174  0.000193149  5.53125e-29            1            1
   0.0202627     0.472604     0.114009   0.00169702  9.77777e-05    0.0657561            1  0.000156803  2.06752e-23            1     0.993916
    0.648266  0.000199229     0.179419  1.01689e-05    0.0398621    0.0604685     0.528536  0.000905165   6.3404e-85            1            1
   0.0238807    0.0718423            1    0.0324036    0.0716168     0.179652  2.71162e-05   0.00264019  3.96533e-09            1       0.9998
 0.000576843     0.800574            1    0.0369113     0.148722   0.00195645            1            1  2.42296e-30            1     0.997192
 0.000314521    0.0184089    0.0170406    0.0495012     0.026341   0.00608112            1    0.0375448  1.38639e-09            1            1
   0.0368783    0.0342421   0.00521831     0.726511  0.000286517  1.55368e-05    0.0173231     0.046206   2.3307e-22            1            1
   0.0128461   0.00617009     0.113246     0.557932   0.00181548    0.0724228   0.00433605   0.00227553  1.60709e-46            1     0.990555
   0.0576234    0.0303971    0.0718606            1            1    0.0719595  0.000334858            1  1.38906e-07            1     0.998761
  0.00312828   0.00536096      0.14666     0.118856   0.00564665            1  0.000353041     0.289023  7.12657e-22            1            1
   0.0344682    0.0667354            1     0.354331            1  0.000166552     0.046991            1  8.38006e-18            1            1
           1     0.069377     0.154767   0.00178076    0.0706937     0.114222            1    0.0113149  1.88661e-46            1            1
   0.0569313   0.00344518    0.0802249    0.0299048            1    0.0467118     0.135195            1  2.90852e-12            1            1
  0.00214268    0.0223657            1    0.0480354  0.000245763     0.119429   0.00494654    0.0320678  5.87321e-22            1     0.986742
  0.00867127     0.332714    0.0626382     0.399321     0.100783  0.000143813            1   0.00399633   1.3344e-15            1            1
   0.0158984     0.117307    0.0915373            1    0.0369948    0.0138525            1   0.00125856  1.70095e-10            1            1
  0.00919722     0.193299     0.311576   0.00468142    0.0506082            1    0.0453701     0.337048  3.42765e-11            1     0.980775
  0.00225899  1.85211e-06     0.118721            1    0.0715498    0.0186338     0.080196   0.00807218 1.08466e-153            1            1
  0.00485265     0.496636    0.0133477            1    0.0213054      0.69799     0.190088     0.258063  2.25197e-10            1            1
  0.00611459            1    0.0329383   0.00104781     0.015648    0.0165289     0.151698     0.128438  1.45056e-39            1     0.821979
           1     0.108559   0.00930311     0.341047  8.76107e-05            1    0.0741794     0.242014  2.02404e-17            1     0.995977
   0.0489203   0.00617925            1   0.00311022            1    0.0165517     0.678898     0.101245  1.53476e-10            1            1
   0.0128149     0.209265     0.131105    0.0397472     0.645228    0.0402251      0.12137  0.000113393  5.10843e-12            1            1
    0.390346    0.0488248     0.053788     0.500363   0.00748077   0.00698903   0.00145234    0.0194994  1.43793e-16            1            1
    0.304097    0.0315228    0.0172689     0.127855    0.0747541   0.00558004     0.126934   0.00233676  3.31761e-13            1            1
    0.225119   0.00171705   0.00678978    0.0493445    0.0478358     0.248878   0.00954315    0.0324883    4.576e-12            1     0.996044
   0.0259006    0.0174469     0.115574            1   0.00271552     0.276226     0.081844    0.0025055  1.34358e-20            1            1
    0.020897     0.120837   0.00191456     0.134068     0.734238   0.00849773     0.671858    0.0143118            0            1     0.994126
   0.0340366            1    0.0408072            1     0.143995     0.131032   0.00419906    0.0974206  7.68339e-10            1     0.998366
    0.010304            1            1      0.57046    0.0987282    0.0294248    0.0941966     0.210902  1.14804e-14            1            1
   0.0306775     0.222308    0.0222146    0.0747154     0.105309    0.0467651    0.0813694     0.025546  1.30812e-14            1            1
           1    0.0898592    0.0259039   0.00194576    0.0858901    0.0862994            1    0.0389498  6.43385e-22            1            1
   0.0950057   0.00437189    0.0563892  0.000545929    0.0433262   0.00132035     0.334883      0.14264  4.94419e-17            1     0.997928
   0.0974897    0.0217803   0.00208038  3.15151e-08     0.190783     0.252051     0.233516   0.00923637  1.81157e-10            1     0.999059
   0.0986328  0.000723459  0.000492966    0.0233056  2.86145e-05            1     0.607195  0.000103378  2.04286e-13            1            1
    0.288646   0.00122111    0.0648301    0.0205839     0.025548      0.41154  1.92647e-05     0.118643  1.69137e-13            1     0.990346
    0.214248  0.000488434   0.00439389     0.118599   0.00351314  0.000844052     0.569425      0.16267  5.87551e-14            1            1
   0.0546717  0.000181666     0.157376      0.61239     0.179505    0.0283166     0.440193    0.0209511  1.28633e-08            1            1
           1   4.3863e-05   0.00350939  3.22662e-05     0.619994     0.187586    0.0313107     0.191337  9.24903e-06            1            1
    0.305358   0.00025752      0.01068  9.33356e-05  0.000930866   0.00489897            1    0.0017315  4.13801e-11            1     0.995524
   0.0102949     0.109774    0.0544199   0.00129533     0.093911    0.0393047     0.359386    0.0218177  1.03147e-06            1     0.995433
   0.0453463  0.000106215    0.0745843   0.00572615     0.138665    0.0844992    0.0297795     0.654437   1.3546e-14            1     0.998826
           1  5.04134e-06    0.0588163    0.0140912  0.000169975    0.0182768    0.0966717  2.68204e-05  3.08203e-19            1     0.996393
   0.0416089            1   0.00316239            1     0.029731            1    0.0231966    0.0264152  9.89356e-11            1            1
   0.0435815    0.0301158    0.0192485            1   9.7882e-05    0.0649161     0.476997   0.00153922  2.66382e-21            1     0.999631
           1  0.000965312     0.106469  0.000365974     0.421396    0.0153028            1    0.0578339  1.15272e-12            1            1
    0.079341   0.00326106     0.773241   0.00033793   0.00588969     0.146257    0.0430463     0.217482  1.68868e-08            1     0.998467
    0.267343  0.000333427     0.293295  1.42172e-10    0.0193368  0.000178904    0.0550037    0.0906343  2.89155e-29            1     0.994229
    0.543924   0.00106049    0.0725248    0.0614378    0.0904939     0.610707  0.000494171     0.623757  2.91709e-14            1     0.994762
     0.03287            1     0.176856   0.00437637    0.0624961    0.0455723            1  4.73665e-06  8.41276e-11            1            1
  0.00794906    0.0641981            1    0.0239072    0.0403762     0.224917    0.0359609     0.252617  2.38124e-09            1            1
   0.0346999   0.00552042  0.000515885    0.0778931     0.110345     0.165884  1.37233e-05            1   4.2787e-15            1     0.996156
           1    0.0146575  1.03879e-05     0.747485     0.042049    0.0351283  0.000975602     0.231176 4.18507e-146            1     0.996088
    0.249419     0.083446  2.08128e-08            1     0.962697    0.0167375     0.154042            1  3.73872e-16            1            1
           1    0.0623544     0.227878   0.00149575  0.000302796     0.757655     0.391885    0.0168812  1.96265e-16            1            1
   0.0555567    0.0219534    0.0688223  7.01276e-06     0.375657   0.00137862            1   0.00117081  3.43509e-16            1     0.999747
    0.103631    0.0595521     0.857623            1   0.00970087     0.022098            1     0.371496  3.06486e-15            1            1
   0.0127257            1    0.0028397  3.96514e-16    0.0206686            1         0.02            1  1.25896e-23            1            1
   0.0781742    0.0233293    0.0329597   0.00151877    0.0343481    0.0377692            1     0.080486  1.68724e-08            1      0.99835
   0.0886153     0.110788     0.092379    0.0594666   0.00750564      0.58451    0.0381993     0.313592  5.92168e-77            1            1
   0.0169768            1    0.0255666     0.334861   0.00429211     0.940798    0.0224234            1  1.24747e-06            1      0.99957
     0.61034   0.00624756     0.198026     0.447713     0.362531   0.00929914     0.455518    0.0144486  1.19143e-06            1            1
    0.529684  0.000209882     0.108956     0.266397   0.00732173    0.0267041     0.248346    0.0442307  3.09388e-24            1     0.991524
           1   0.00683477   0.00634925  0.000220524            1    0.0935785   0.00326402     0.572678  5.51764e-10            1            1
           1     0.956196    0.0109783  8.71685e-06     0.684648    0.0683501     0.062635    0.0257896   0.00152525            1            1
           1    0.0388547   0.00183793   0.00946073    0.0370916    0.0313909     0.124256     0.233814  2.10969e-09            1     0.999507
  0.00580762    0.0700347     0.341785   0.00525581     0.165337     0.287517   0.00659947     0.719588  2.60788e-10            1     0.998878
  0.00307177     0.660613     0.417102     0.789677   1.8163e-05    0.0572782    0.0732216    0.0135258   3.7514e-34            1            1
           1  3.00703e-05     0.692392     0.313655   0.00179484            1            1   0.00667385  1.25329e-13            1            1
    0.193535   0.00132826  0.000429478    0.0870004     0.912997    0.0210598  7.66406e-05    0.0815465  1.18446e-05            1     0.993934
   0.0165652            1     0.104624  2.07261e-05    0.0683074    0.0602142    0.0704706     0.100135  9.30801e-11            1            1
    0.163702    0.0788284      0.11245  0.000151422  1.07215e-05            1   0.00935495    0.0204734  5.45599e-23            1     0.996244
  0.00960483    0.0313964            1    0.0156259   0.00705572    0.0747493     0.133177   0.00721846  3.20834e-70            1     0.940188
  0.00806522            1    0.0992269    0.0491651   0.00149948            1  0.000610065     0.668932  1.33913e-10            1     0.999767
  0.00516566     0.091194    0.0713366            1  0.000176634     0.145051            1    0.0162187  1.18928e-10            1     0.999897
   0.0182942            1     0.110921    0.0254318    0.0622693   0.00447834      0.35779            1  7.76184e-12            1     0.999313
   0.0446668      0.15375  2.23947e-06    0.0241418   0.00378623     0.016331     0.226297      0.13075  1.95261e-19            1            1
   0.0126601     0.301229    0.0150387    0.0329621     0.138475   0.00955498    0.0238477   0.00657521   9.0272e-10            1      0.99847
   0.0576082    0.0356697            1     0.220206    0.0182396     0.211171     0.239194     0.376339  3.47521e-13            1     0.998479
   0.0767104    0.0353414     0.513878     0.812859     0.199659  0.000343032    0.0712773     0.101977  4.12176e-10            1     0.999839
   0.0305487     0.258411   0.00312604            1            1    0.0224587    0.0167815      0.45654   6.2883e-09            1     0.997702
   0.0687725            1  1.96409e-06    0.0306161    0.0772397            1    0.0201102    0.0184412 3.43084e-168            1     0.998764
    0.065211    0.0771971    0.0403795  6.01948e-05     0.112343     0.419065    0.0256343   0.00648923  2.06815e-07            1            1
    0.268668     0.292105  0.000323727            1  0.000400905   0.00328548    0.0357153    0.0027618  3.56228e-22            1     0.996229
    0.229098            1   0.00823225  2.05744e-06            1   0.00610335  0.000170348     0.212747  1.02732e-06            1            1
    0.982186     0.043176    0.0898862    0.0549495   0.00958871            1   5.1422e-05            1    0.0831351            1            1
   0.0519277     0.471262     0.013427            1    0.0656324    0.0527626   0.00901737    0.0039003  4.87537e-18            1     0.996665
   0.0297098     0.726022  0.000210045    0.0334402   0.00636941   0.00324736      0.10757    0.0407313  1.57325e-16            1            1
     0.08524     0.429354  1.22075e-05            1    0.0498713  0.000584916   0.00288261     0.112346  1.49038e-07            1      0.99803
    0.613366     0.948042  0.000164939    0.0770013     0.029793  1.13791e-05     0.220441    0.0381442  2.28439e-08            1     0.999948
  0.00443522     0.018324    0.0298892    0.0110239            1    0.0397204   0.00590735     0.266299  8.94544e-17            1     0.998545
    0.166496    0.0985083    0.0714353   0.00039559   0.00889591     0.183123     0.299396  1.80139e-08   0.00256905            1            1
   0.0692144    0.0385456     0.247547     0.469571    0.0490307  0.000182985            1    0.0573919  4.16781e-05            1     0.997201
   0.0575375     0.204546     0.461334     7.47e-10            1     0.665931   0.00240602   0.00962982   0.00171294            1     0.987103
   0.0572106     0.371475            1     0.911647            1    0.0042123  1.35969e-07            1  1.32009e-13            1     0.996401
           1   0.00250605     0.542527     0.136296     0.212763    0.0700735     0.012771   0.00844687  1.06868e-16            1     0.997709
   0.0217722            1  6.28753e-05     0.019224     0.343339    0.0587729  3.36795e-06    0.0296751  6.30013e-07            1     0.998493
   0.0603422      0.48447   0.00690442     0.025137     0.533597   0.00548567  1.39231e-05            1  4.37097e-14            1            1
   0.0076817     0.484144     0.114213    0.0380795            1   0.00124707     0.149934    0.0283286  7.14449e-38            1     0.994895
   0.0128109   0.00407379  0.000771696    0.0728856   0.00411628   0.00566393  0.000311771    0.0962376  3.05713e-12            1     0.997288
    0.054467     0.132798      0.93097  0.000219537            1   0.00018767     0.886394   0.00363767            0            1     0.996349
           1   0.00711915  0.000893461     0.729298            1     0.027176  3.74075e-05            1 2.47374e-112            1     0.988287
    0.331134     0.228649            1    0.0997591  0.000670884            1    0.0486315            1  1.17308e-19            1     0.996015
           1    0.0178625    0.0100204  0.000383404      0.42814    0.0275302  1.51603e-05     0.048022  5.81131e-17            1     0.993846
   0.0138848     0.036256   0.00905855            1    0.0366149   0.00756738   0.00908364     0.280431  1.04156e-21            1     0.869738
  0.00255254    0.0132217            1    0.0964522     0.940691     0.150614   0.00487166            1  1.86383e-25            1     0.996457
   0.0396631  0.000166186     0.960588    0.0398118     0.208713     0.353516      0.23532    0.0617241  1.60217e-09            1     0.998688
    0.051872    0.0409056  4.27025e-05            1   0.00010945     0.351252    0.0683355  0.000137473  2.92432e-07            1            1
  0.00869439            1    0.0020559    0.0597675   0.00166063     0.941574            1  0.000315803  1.12335e-08            1     0.991409
   0.0285498    0.0127095   0.00148985     0.218844    0.0208226     0.121001   0.00113487   0.00570032  7.81337e-34            1            1
   0.0376282     0.172735  4.92437e-06     0.186477    0.0216071     0.141185    0.0101085     0.288243  1.66567e-09            1     0.995244
           1  3.48062e-05   0.00156076            1    0.0563978  2.48938e-05            1     0.343327  8.53418e-18            1     0.997956
   0.0766084     0.133045  0.000206176    0.0382194    0.0275723     0.394364     0.235119            1  1.53672e-10            1      0.99974
    0.785366            1     0.020654  8.91334e-06    0.0924782    0.0284292     0.260003  0.000842944  1.74987e-11            1            1
    0.697419    0.0233865            1  1.39959e-05     0.507617  0.000295869    0.0150312     0.698928  2.57536e-11            1            1
   0.0296045     0.598466    0.0378649     0.452611   0.00766745     0.356654     0.271404    0.0103946   8.3304e-12            1      0.99836
    0.754079     0.023961  0.000326321  7.93395e-05            1    0.0048773     0.693741   0.00581386  1.15691e-08            1     0.999371
           1    0.0124817     0.750307  5.54356e-05            1     0.187839   0.00138205    0.0235407  9.03526e-23            1      0.99867
   0.0799051     0.128417     0.499631      0.40447     0.216661    0.0164987    0.0025811    0.0130667  9.38079e-15            1       0.9987
     0.12118            1            1      0.11555     0.160798    0.0759954  0.000342403     0.445109  6.42396e-60            1     0.985231
           1    0.0317306  3.94134e-05            1    0.0868296   0.00507141   0.00259061     0.231618   0.00190949            1            1
     0.14489    0.0104035  6.07606e-07    0.0248243            1   0.00535418   0.00241595     0.936305  4.41197e-13            1            1
   0.0170258     0.812953  6.43695e-07  0.000145511    0.0399029    0.0585926     0.100603     0.131773  1.17436e-08            1            1
           1    0.0194783    0.0422865  0.000126464    0.0497901            1   0.00135478   0.00750178  7.89635e-11            1            1
   0.0129508     0.786292     0.020581  9.02409e-05       0.1394            1  0.000206763     0.035414  2.82912e-14            1     0.992798
    0.067456    0.0417884    0.0866834    0.0361188     0.734768   0.00224058    0.0641777   0.00017607  8.99561e-17            1      0.99956
   0.0114235    0.0127392     0.159962     0.633977    0.0272461     0.046281     0.014192    0.0788997  1.43106e-11            1     0.999615
   0.0319083    0.0990339     0.124119     0.539823    0.0298028   0.00268453     0.627663   0.00256132  4.91816e-14            1      0.99694
  0.00616762     0.757474     0.412561    0.0252159            1   0.00778752     0.164854    0.0769211  7.01299e-05            1            1
   0.0115075    0.0716541    0.0409728     0.184396     0.266647     0.122355   0.00153887     0.747433  2.88594e-31            1     0.993698
   0.0515989  0.000416528            1     0.141963      0.33078   0.00255843     0.471804   0.00148025  1.20245e-52            1            1
   0.0217826  0.000892817   0.00434841    0.0246441     0.175607     0.427842   0.00283773      0.77695  1.66961e-12            1     0.999664
    0.136809            1    0.0124055      0.91992  0.000160378     0.274401     0.712901   0.00335325  1.77773e-11            1            1
    0.023389    0.0530272     0.127317            1     0.786353     0.021276     0.457551  1.88965e-05  3.86131e-07            1     0.998754
   0.0672237   0.00524518            1   0.00206223            1     0.023718   0.00371614     0.249227  5.02422e-16            1            1
    0.305875     0.440338     0.145074     0.020958     0.436497    0.0158731      0.77014    0.0165956   2.3414e-16            1     0.983494
  0.00267218     0.701127     0.012083  2.11826e-05    0.0788123            1     0.150189   0.00257039  1.13871e-12            1     0.997801
   0.0128573     0.128546   0.00293722  0.000151431    0.0133879            1            1    0.0402829            0            1            1
    0.903851            1   0.00246777   0.00174996     0.352284     0.201679    0.0769392    0.0712918  2.39889e-13            1            1
   0.0362369     0.561226  9.05829e-05  9.81955e-06            1    0.0642989   0.00707739     0.128896  1.66711e-87            1      0.99056
    0.137532     0.101515  0.000207364  0.000205771            1  2.48086e-05            1     0.111296  9.19055e-19            1     0.999207
  0.00551496    0.0113093    0.0417927     0.155286     0.127764    0.0603211            1    0.0010725   1.1173e-07            1      0.99911
    0.013397            1  0.000960779    0.0572665   0.00152876     0.420288    0.0527958  0.000110864  3.67835e-05            1            1
  0.00858644    0.0456079  3.15091e-05  1.19397e-05    0.0175157     0.023464  0.000214124            1  3.44601e-47            1     0.984761
  0.00111881     0.150795  0.000360661     0.296095   1.8984e-07            1    0.0156645     0.104497  1.33648e-10            1     0.991872
  0.00786632    0.0349851  3.67708e-08     0.757532            1  0.000111686   0.00301395            1   0.00207808            1            1
    0.142011  0.000328173  0.000227455  0.000263966            1            1    0.0320792    0.0215255  3.19069e-12            1            1
  0.00199071            1   0.00920776     0.032789     0.023915     0.054895    0.0224591     0.182604  5.03675e-15            1            1
  0.00323444    0.0559768    0.0533144   0.00727302     0.441634    0.0157033     0.451402     0.103255  1.49053e-11            1            1
  0.00294484   0.00599377            1   0.00508406   0.00581289     0.237517    0.0582238    0.0189905  8.55562e-22            1     0.999526
   0.0418262  5.17999e-07     0.133111     0.408647  0.000500582      0.04698    0.0228065    0.0232292  9.65782e-09            1            1
           1  0.000465872     0.137645   0.00124278     0.147547  0.000226748     0.349376     0.395517  1.61015e-11            1     0.999994
   0.0522149    0.0034614     0.205158     0.390454  0.000313399     0.368231    0.0700606    0.0452132  5.20768e-06            1            1
   0.0264766   0.00472239       0.4354     0.129875            1    0.0200206     0.767869    0.0184313  5.12554e-13            1            1
 0.000550784     0.735254     0.693524            1   0.00533146   5.5817e-06            1   0.00508024  7.82048e-30            1            1
  0.00780178   0.00326749     0.380073  1.13557e-05            1   0.00338079   0.00419264    0.0319802  2.63139e-22            1     0.948825
   0.0116344    0.0149423     0.223507            1   0.00881054   0.00155951     0.248626    0.0869873   3.4371e-09            1     0.998325
  0.00853567    0.0123041     0.686131      0.61497    0.0464527  0.000356984     0.119604  7.93659e-05  6.17889e-11            1     0.996254
  0.00596184    0.0179312  9.15072e-06     0.131234     0.963546     0.103724  0.000721012            1   0.00017147            1            1
     0.01624     0.828514   0.00600962     0.124119  0.000355955     0.598808  1.50254e-05    0.0858288  1.01271e-05            1            1
  0.00757416    0.0255899     0.458384     0.433032    0.0191595    0.0266743  0.000539278    0.0121904  2.87179e-11            1     0.997587
           1            1    0.0105164     0.108982    0.0396038    0.0192271   0.00757266    0.0535508   5.9145e-09            1            1
  0.00752752   0.00250632    0.0326835     0.374512   0.00676469    0.0892863     0.230379    0.0198042   6.9023e-07            1            1
   0.0100057    0.0610237  0.000448552  2.20256e-06     0.215421     0.075982   0.00168742            1  7.93766e-34            1     0.987604
   0.0371738     0.821016     0.105168  0.000489173   0.00109998            1   0.00109982            1  3.01787e-16            1            1
           1  2.16646e-06            1  2.31012e-05            1            1    0.0169589     0.116808  1.93453e-07            1     0.996703
   0.0410036     0.153271     0.382388   0.00102141    0.0255683            1    0.0152067    0.0128945  5.32155e-17            1     0.994895
   0.0121477     0.234965     0.864939     0.259669    0.0476775     0.355368    0.0588785   0.00301699            0            1     0.998992
    0.269633    0.0208697    0.0934863     0.163392   0.00170639            1   0.00489109     0.565801  9.38626e-23            1     0.995442
    0.107177   0.00510527            1   0.00357403     0.353518    0.0229956    0.0333436    0.0282425  1.54734e-10            1       0.9997
   0.0301705    0.0343944   0.00314567     0.959539   0.00397557            1     0.179784    0.0104354  4.29715e-27            1      0.99709
   0.0426273   0.00484173            1    0.0488875   0.00320177     0.473876     0.435503            1  2.02607e-11            1            1
   0.0224005     0.005019    0.0204694  0.000257721     0.123816     0.414867    0.0696286   0.00156561  1.06402e-05            1     0.997371
           1  4.84264e-08     0.644678     0.789542    0.0586147   0.00162442     0.381262    0.0016477  9.86406e-11            1     0.998627
   0.0758998    0.0794138  0.000165762  6.84671e-05            1   0.00544745     0.187837    0.0728755  3.03263e-18            1     0.995528
           1      0.14418  0.000386578  4.05997e-07    0.0369719     0.003921  0.000675215            1  9.08432e-09            1            1
   0.0521931   0.00569851     0.513585  6.24991e-05     0.057581     0.327502  0.000744494     0.297372  7.67962e-15            1     0.998857
    0.135922  6.14815e-05    0.0459763    0.0178533     0.103103    0.0403582    0.0121766     0.685261  2.09001e-12            1            1
  0.00380592  0.000285523     0.162251      0.97737     0.353098     0.307652     0.280597    0.0169571  1.07829e-09            1     0.996983
   0.0152031     0.036806     0.012709  0.000347018    0.0356772     0.324526    0.0670343  3.32296e-06  6.37501e-22            1     0.988183
   0.0526353   0.00177903     0.560386    0.0394364     0.022689   0.00554997     0.136035  0.000263806  1.39393e-07            1     0.996656
   0.0493035    0.0393973    0.0505853  0.000414666    0.0493143    0.0020637            1   0.00409815  4.79424e-05            1            1
     0.12151    0.0146232    0.0176175    0.0806117    0.0780881     0.160567  0.000993365    0.0327583  1.31812e-74            1            1
   0.0390566            1   0.00021798   0.00120384     0.864302   0.00539192    0.0605683     0.110448  7.67852e-10            1            1
    0.300025  0.000305241   0.00110658     0.868647   0.00774167     0.322975     0.121219     0.011555  7.86657e-09            1     0.998281
     0.14948  0.000236951    0.0566268     0.380757    0.0168077    0.0404318   0.00265941    0.0829505  1.78299e-21            1     0.996942
   0.0633314  1.77566e-05   0.00132805   0.00130099            1  0.000146544     0.591993   0.00202366  2.85827e-12            1     0.999707
   0.0180949    0.0464909     0.164479            1    0.0105112   0.00332978  0.000120698      0.52848    0.0045112            1            1
           1  8.77451e-05      0.12448  4.09234e-08            1   0.00125265   0.00914476            1  2.33181e-19            1            1
   0.0238844     0.613815    0.0204559   1.3741e-05     0.117423   0.00108763     0.463856    0.0208682  5.52048e-18            1     0.999786
   0.0106365  0.000852492     0.683097   0.00939099     0.554882   0.00636932    0.0739289    0.0715503  9.98705e-11            1      0.99613
    0.241921   4.0391e-05   0.00036464    0.0052741            1   0.00100517   0.00842622     0.206221  1.96981e-17            1            1
   0.0780191    0.0372905    0.0109125  3.35081e-05            1    0.0710878     0.861992    0.0171276  1.91128e-07            1            1
    0.436388  1.80176e-05  1.38934e-05     0.549502    0.0062771    0.0522066    0.0209514     0.803786   6.2129e-16            1            1
    0.102702   0.00116991     0.139766    0.0126578    0.0133413     0.330918   0.00441319     0.220456  7.59349e-28            1            1
    0.134008   0.00063829  0.000541518            1     0.134256    0.0421899     0.108655    0.0558757   1.3813e-08            1     0.999721
    0.185984  0.000327881    0.0321247    0.0427563    0.0314018    0.0192336     0.401003    0.0409399  3.72965e-08            1     0.997825
    0.225128  0.000556237  0.000524743    0.0112169    0.0598615   0.00419964    0.0138264            1  1.07869e-05            1     0.999931
    0.112993  0.000275798            1  2.07211e-05     0.216466    0.0456066            1    0.0618319  1.95298e-20            1     0.997331
   0.0143036    0.0514421    0.0518754    0.0905951  2.93764e-06            1  1.10976e-06            1  1.37881e-15            1            1
    0.274442    0.0709427     0.112745     0.176591    0.0242066   0.00670437  2.90544e-05     0.326669  2.80497e-11            1            1
    0.294365    0.0527551  5.55531e-05     0.276216   0.00846201     0.558432    0.0408784     0.042323  2.95313e-08            1            1
   0.0253476   0.00640389    0.0279389     0.016544    0.0108354   0.00950149     0.175243    0.0237357  9.60906e-10            1            1
   0.0305859     0.150511     0.271235   0.00731755    0.0109318     0.273982    0.0800066     0.160199  2.67878e-16            1     0.996077
   0.0379711    0.0371719  4.52986e-05    0.0526082    0.0147079    0.0908421     0.377905   0.00101503  8.46583e-08            1     0.999855
  0.00347742     0.204724   1.0449e-05     0.235411   0.00122466    0.0254877    0.0466506     0.526221  3.96086e-19            1            1
   0.0234867            1  0.000126248  2.51936e-08     0.495113     0.324146   0.00367947    0.0693433   6.4566e-10            1            1
    0.024395     0.506585    0.0302938  1.31035e-11     0.113344     0.125906   0.00902471     0.277577   2.4162e-13            1            1
     0.14671    0.0636548  6.49529e-06  4.71673e-06            1  3.13643e-05   0.00104555   0.00264253   6.4737e-10            1     0.992907
   0.0216238            1   0.00270359  7.03738e-06     0.073837     0.303642    0.0783734   0.00129898  8.79745e-09            1     0.998342
     0.15628     0.102379    0.0174295     0.480026  0.000713953    0.0289926  0.000166632            1   1.2342e-37            1     0.998636
   0.0688208      0.23078   0.00138381  0.000438045     0.397225     0.125489     0.443607     0.818962  2.03328e-22            1            1
   0.0297882    0.0985201     0.942528  7.47736e-10     0.154074     0.135335      0.49288    0.0938916    0.0016004            1     0.999313
    0.023068     0.373249     0.737168  9.63572e-09     0.504443    0.0550028  0.000448694     0.499167  8.09151e-12            1      0.99945
   0.0142601            1    0.0225311  1.75629e-05    0.0170252     0.345803            1    0.0355676  1.02067e-06            1            1
   0.0170833     0.134735     0.114671    0.0321472     0.192243   0.00417001    0.0201856     0.949722  1.13072e-13            1            1
   0.0173554            1  0.000250227      0.55009    0.0606405  1.56509e-05    0.0892956    0.0978375  1.58363e-12            1     0.986344
    0.167713    0.0526798  1.99458e-06            1            1  6.14445e-05            1    0.0536259  3.58958e-14            1            1
     0.31194    0.0217068    0.0217263    0.0192258      0.22007    0.0236084   0.00508274     0.133041  2.11208e-10            1            1
    0.434566   0.00143751            1     0.321901     0.123738   0.00960645     0.146775    0.0780384  0.000196968            1     0.995943
    0.176588            1   0.00849925       0.5877   0.00145783     0.312066   0.00879055  0.000357069  2.33196e-13            1            1
   0.0325279    0.0273355            1   0.00605816            1    0.0160056    0.0012447            1  2.33896e-35            1     0.999286
    0.165658     0.246664    0.0689136   2.4963e-06     0.012048   0.00332439     0.607737            1  1.12959e-18            1            1
   0.0796403    0.0062868     0.139208   0.00729972   0.00408503     0.118182    0.0412741     0.131705  3.73076e-12            1            1
   0.0868108     0.912081    0.0769047    0.0253879            1   0.00199538  0.000980246            1  4.06744e-90            1            1
    0.241797  0.000287299     0.012199     0.214347     0.056822  0.000515846     0.244103            1  4.94539e-10            1     0.998358
    0.429735            1  2.33565e-06    0.0454164    0.0883662    0.0989268            1     0.143983 5.59608e-145            1            1
    0.104166            1    0.0132557  2.96751e-05    0.0118788     0.288136     0.111583  0.000756906  1.78256e-06            1     0.976587
   0.0639254     0.901753  9.54583e-05      0.59949            1    0.0262732     0.130507     0.218935  2.40824e-10            1      0.98289
    0.809211  9.05625e-05   0.00587909     0.431898    0.0135576    0.0583715            1      0.37743  4.19211e-18            1     0.999461
   0.0816585     0.258778     0.033734  0.000181749   0.00295386  3.06606e-09      0.84947            1  1.56812e-09            1     0.913035
    0.264661    0.0139829    0.0344369     0.401272  0.000380719            1    0.0198219   0.00255534  6.73101e-23            1            1
   0.0589183            1     0.485123    0.0173872   0.00850001  0.000475666            1     0.213495   2.8879e-18            1     0.996201
           1    0.0556924      0.21815     0.125926   0.00498176    0.0242484     0.420095    0.0637195  3.94938e-16            1     0.999931
    0.213899     0.937845   0.00240396  2.67368e-05            1   0.00299587     0.611283   0.00345358  6.23884e-08            1            1
    0.154601     0.309917  0.000271254    0.0349187     0.142013  3.54797e-05     0.448825    0.0544234  7.93538e-22            1     0.998002
    0.192028    0.0801082            1    0.0113834    0.0466609  0.000749594            1   0.00687377  4.56144e-26            1            1
   0.0874897     0.446946   0.00140053            1   0.00586406     0.493104  0.000689857     0.310409  1.83758e-18            1            1
    0.142568    0.0467782    0.0115104  4.66411e-11     0.171097  1.46687e-05            1    0.0005632  1.50328e-83            1     0.997235
     0.20438            1            1  4.52493e-15  3.31985e-05    0.0992688    0.0498558            1   8.1496e-20            1            1
      0.5727   0.00414031    0.0298896     0.488541    0.0143749     0.278282    0.0184349    0.0194956  1.01515e-08            1            1
   0.0996447    0.0240745  1.07329e-05     0.127924    0.0235204    0.0139224     0.392389     0.260373  3.12403e-11            1            1
    0.178501     0.265169  0.000186471    0.0451893            1    0.0152264   0.00554558     0.118535  5.87284e-13            1      0.99902
    0.372446    0.0100182            1  0.000281832     0.017298  0.000141877   0.00758258    0.0597291  1.64758e-23            1      0.99672
   0.0142333    0.0231255    0.0412019   0.00404547    0.0364766  0.000151584     0.153565  2.14853e-06  1.32081e-16            1            1
    0.133505    0.0331732  0.000100144     0.332563     0.614359  0.000234553   0.00232454   0.00389601  1.66217e-14            1            1
   0.0351176     0.214716            1  0.000362059            1  0.000466418   0.00437986            1  5.18345e-15            1     0.999732
   0.0344531    0.0778499            1     0.533218     0.178148     0.169786   0.00434963            1  9.71975e-08            1            1
    0.172401     0.839291   2.9515e-05     0.332181     0.191895      0.12101  5.59313e-05    0.0296046  2.85686e-17            1            1
    0.398037   0.00453026   0.00161534  2.18878e-07     0.171513    0.0966783      0.48744   0.00250008  4.25768e-11            1            1
   0.0349685    0.0694947     0.903357  0.000314645     0.147465     0.169217            1  0.000645647  6.61713e-12            1     0.993973
   0.0498595    0.0170072     0.281616  7.31628e-06     0.225012     0.080781     0.107057  0.000219256  1.86253e-21            1            1
    0.205775    0.0556026            1   0.00196404            1    0.0171624     0.156061   0.00441375  4.97772e-16            1            1
   0.0538315     0.730146  0.000390343     0.304602    0.0508225     0.029821  0.000560245    0.0947079  1.60067e-10            1            1
   0.0247222     0.391876    0.0287243     0.338662     0.110492  6.17827e-05     0.571235   0.00262814   7.7932e-19            1     0.968175
   0.0542444     0.426494   0.00471282   0.00173216    0.0131767     0.217403  4.47735e-05            1  1.64623e-07            1            1
   0.0182311     0.402633    0.0929348     0.282535    0.0811388  0.000375964     0.132299            1  3.31591e-25            1     0.999463
   0.0519894    0.0987432    0.0174204     0.454731    0.0741131    0.0110456     0.130339            1  3.10063e-14            1     0.999033
           1     0.371756    0.0462362  0.000352316            1    0.0144651    0.0219583  0.000208256  2.05306e-11            1            1
   0.0586082     0.408384     0.455095     0.247745   0.00535579     0.102864     0.445007     0.043329  1.94506e-14            1     0.998872
    0.359718     0.182566   0.00278885     0.243952  0.000144097            1     0.134092     0.393647  1.11232e-31            1      0.99774
   0.0588271    0.0464832     0.367731    0.0596507    0.0755561  0.000541274     0.414523     0.595892  1.08732e-10            1            1
   0.0951473   0.00807387  2.57399e-06     0.932214      0.32222    0.0230149  6.68687e-05     0.050182    5.217e-13            1     0.999818
    0.386247            1            1     0.616946  0.000122714            1   0.00496952    0.0756955   7.5239e-12            1            1
    0.183015    0.0328374            1   0.00608701   0.00413942     0.795262   0.00149496     0.246759  2.55157e-21            1     0.992451
  0.00810212    0.0761735            1     0.428557    0.0476353      0.13684     0.146716    0.0381087 1.73048e-121            1            1
   0.0642779     0.511057  0.000997817            1    0.0061418     0.184662   0.00111626     0.405862  6.44705e-20            1            1
   0.0578609            1    0.0549993    0.0528909    0.0510309     0.022651     0.146059    0.0160198  5.38587e-06            1     0.957916
   0.0638629     0.922978  6.41738e-05            1     0.359682    0.0307709    0.0179294     0.980739  6.44123e-15            1     0.999021
   0.0456089    0.0040541            1    0.0111129  0.000906647    0.0907251     0.109423   0.00325539  3.76017e-13            1            1
    0.127515    0.0218214    0.0303114    0.0292614     0.815268   0.00687116   0.00498945     0.547106  1.77692e-17            1     0.971917
    0.135567  0.000202871    0.0566213  0.000246476   0.00837017   0.00921926    0.0185218   0.00127448  2.65095e-17            1     0.994773
    0.102453     0.111233   0.00256768            1    0.0363446    0.0415415            1    0.0894255  3.49383e-08            1            1
           1   0.00364825     0.157665    0.0128577            1    0.0463627   8.9549e-05     0.223318  3.21314e-18            1            1
   0.0325985     0.080008   0.00703893    0.0980208     0.623208  0.000118265    0.0220753     0.383503   3.2858e-23            1            1
    0.177935     0.240398  0.000298841  2.16066e-06     0.478911    0.0403375     0.929787     0.127187  2.75749e-13            1            1
    0.103336     0.467773     0.524995  1.96207e-06     0.459502     0.566268  0.000143888     0.921154  3.88315e-14            1            1
    0.326862     0.141503   0.00290207  6.29534e-06     0.610635   0.00197944            1   0.00785276 1.62811e-298            1     0.927785
    0.239614     0.921762   0.00311487    0.0685516            1    0.0574543   0.00138193            1  7.54538e-08            1            1
   0.0911794     0.138695     0.019337     0.336009    0.0569542    0.0880941    0.0792011     0.287188  2.65439e-10            1            1
           1   0.00112532  1.63689e-06    0.0335602    0.0477427    0.0282374    0.0601949    0.0720253  4.66889e-05            1     0.997387
   0.0397121            1     0.054301  3.36485e-05  0.000526434     0.398494    0.0103736   0.00989515  4.61507e-13            1            1
    0.190252      0.01393   0.00965492  0.000910347   0.00173308   0.00035444            1     0.188665   2.0375e-07            1            1
   0.0405393     0.103419    0.0796998    0.0008053  3.66951e-07     0.742614     0.066574    0.0354573  3.98982e-14            1     0.999535
   0.0143336    0.0069802  9.64993e-05      0.11224  2.99823e-06     0.154129   0.00123611    0.0175353  3.40036e-10            1            1
  0.00378505            1    0.0762006     0.265741  0.000311616   0.00437673    0.0505871     0.316144  8.65859e-20            1            1
   0.0261319    0.0179282    0.0867051            1  7.28604e-05     0.179287     0.321624  7.62868e-05  1.17348e-10            1     0.999251
   0.0491548     0.309817   0.00154915     0.199466   0.00964553    0.0290943    0.0681583    0.0177189  1.86563e-18            1            1
  0.00392861   0.00261552   0.00260248     0.758289     0.225902   0.00019359            1     0.173027  5.00959e-16            1      0.99393
           1    0.0148114   0.00361407    0.0125954     0.508872            1     0.401432            1  3.46058e-13            1     0.987908